date,code,open,high,low,close,preclose,volume,amount,pctChg,turn,peTTM,pbMRQ
2020-01-02,sz.001979,16.10496349,16.48361946,16.10496349,16.37888483,16.00828537,16155443.0,328587987.84,2.315,0.2041,13.343504,2.466025
2020-01-03,sz.001979,16.47556295,16.49973248,16.20164161,16.37888483,16.37888483,9717988.0,196848915.21,0.0,0.1228,13.343504,2.466025
2020-01-06,sz.001979,16.23386765,16.36277181,15.87938121,16.04051141,16.37888483,15483394.0,309098985.37,-2.0659,0.1957,13.067839,2.41508
2020-01-07,sz.001979,16.09690698,16.20164161,16.0324549,16.14524604,16.04051141,7676295.0,153397693.31,0.6529,0.097,13.153164,2.430848
2020-01-08,sz.001979,15.95994631,16.08885047,15.57323383,15.69408148,16.14524604,17432736.0,340691587.24,-2.7944,0.2203,12.78561,2.362921
2020-01-09,sz.001979,15.87938121,15.99217235,15.79881611,15.9518898,15.69408148,9739342.0,192307890.07,1.6427,0.1231,12.995641,2.401737
2020-01-10,sz.001979,16.00022886,16.02439839,15.77464658,15.81492913,15.9518898,8961518.0,176342178.86,-0.8586,0.1132,12.884062,2.381116
2020-01-13,sz.001979,15.82298564,15.91160725,15.72630752,15.84715517,15.81492913,9490688.0,186100205.33,0.2038,0.1199,12.910316,2.385968
2020-01-14,sz.001979,15.87938121,15.9518898,15.64574242,15.70213799,15.84715517,11551830.0,226383032.38,-0.9151,0.146,12.792174,2.364134
2020-01-15,sz.001979,15.64574242,15.69408148,15.4684992,15.48461222,15.70213799,10555157.0,203722261.37,-1.3853,0.1334,12.614961,2.331383
2020-01-16,sz.001979,15.5490643,15.58934685,15.2268039,15.32348202,15.48461222,14472694.0,275639100.04,-1.0406,0.1829,12.483691,2.307123
2020-01-17,sz.001979,15.42821665,15.43627316,15.03344766,15.20263437,15.32348202,15697267.0,295422943.46,-0.7886,0.1984,12.38524,2.288928
2020-01-20,sz.001979,15.20263437,15.20263437,14.97705209,15.03344766,15.20263437,13830273.0,258229908.22,-1.1129,0.1748,12.247407,2.263455
2020-01-21,sz.001979,14.96899558,15.0656737,14.7434133,14.81592189,15.03344766,16589006.0,305165821.36,-1.4469,0.2096,12.070194,2.230704
2020-01-22,sz.001979,14.73535679,15.04956068,14.70313075,15.00927813,14.81592189,15129312.0,280111836.82,1.3051,0.1912,12.227717,2.259816
2020-01-23,sz.001979,14.87231746,14.95288256,14.54200055,14.60645263,15.00927813,17481138.0,318079177.49,-2.6838,0.2209,11.899544,2.199166
2020-02-03,sz.001979,13.14822432,13.30935452,13.14822432,13.14822432,14.60645263,23235704.0,379354430.27,-9.9834,0.2936,10.711559,1.979613
2020-02-04,sz.001979,12.8098509,13.23684593,12.8098509,13.19656338,13.14822432,24953842.0,404748823.79,0.3676,0.3153,10.750939,1.986891
2020-02-05,sz.001979,13.2126764,13.44631519,13.01126365,13.34963707,13.19656338,17894848.0,295689536.04,1.16,0.2261,10.875645,2.009938
2020-02-06,sz.001979,13.48659774,13.48659774,13.18045036,13.38186311,13.34963707,15750784.0,260758066.93,0.2414,0.199,10.901899,2.01479
2020-02-07,sz.001979,13.24490244,13.30935452,13.09182875,13.26101546,13.38186311,19948151.0,327054781.52,-0.9031,0.2521,10.803447,1.996595
2020-02-10,sz.001979,13.22878942,13.7766321,13.1321113,13.70412351,13.26101546,18153157.0,305606528.04,3.3414,0.2294,11.164437,2.06331
2020-02-11,sz.001979,13.76051908,13.94581881,13.62355841,13.83302767,13.70412351,11977193.0,205874608.86,0.9406,0.1513,11.269452,2.082718
2020-02-12,sz.001979,13.83302767,13.94581881,13.73634955,13.88942324,13.83302767,9245074.0,159109524.84,0.4077,0.1168,11.315396,2.091209
2020-02-13,sz.001979,13.96998834,14.4211529,13.92164928,14.1794576,13.88942324,19062208.0,337514370.12,2.0882,0.2409,11.551681,2.134877
2020-02-14,sz.001979,14.23585317,14.6628482,14.17140109,14.54200055,14.1794576,16878833.0,303400999.34,2.5568,0.2133,11.847036,2.189462
2020-02-17,sz.001979,14.49366149,14.6628482,14.4211529,14.55811357,14.54200055,14454521.0,260930501.14,0.1108,0.1827,11.860163,2.191888
2020-02-18,sz.001979,14.52588753,14.54200055,14.25196619,14.45337894,14.55811357,13656333.0,243550062.91,-0.7194,0.1726,11.774838,2.176119
2020-02-19,sz.001979,14.46143545,14.62256565,14.31641827,14.501718,14.45337894,11632963.0,209388971.62,0.3344,0.147,11.774838,2.176119
2020-02-20,sz.001979,14.501718,14.56617008,14.37281384,14.50977451,14.501718,11625647.0,208825406.56,0.0556,0.1469,11.820782,2.18461
2020-02-21,sz.001979,14.50977451,14.55811357,14.3405878,14.501718,14.50977451,11828496.0,212208860.48,-0.0555,0.1495,11.814219,2.183397
2020-02-24,sz.001979,14.4211529,14.46143545,14.1794576,14.22779666,14.501718,14115473.0,250131636.42,-1.8889,0.1784,11.591062,2.142155
2020-02-25,sz.001979,14.10694901,14.41309639,14.03444042,14.07472297,14.22779666,14814898.0,260472837.51,-1.0759,0.1872,11.466356,2.119108
2020-02-26,sz.001979,13.9377623,14.60645263,13.9377623,14.26807921,14.07472297,17049385.0,304437930.75,1.3738,0.2154,11.623879,2.14822
2020-02-27,sz.001979,14.30030525,14.40503988,14.05860995,14.07472297,14.26807921,10239841.0,180065285.6,-1.3552,0.1294,11.466356,2.119108
2020-02-28,sz.001979,13.9377623,14.42920941,13.76051908,13.96998834,14.07472297,17742405.0,309159042.22,-0.7441,0.2242,11.381031,2.103339
2020-03-02,sz.001979,13.9377623,15.01733464,13.9377623,14.92065652,13.96998834,36613955.0,669928561.21,6.8051,0.4627,12.155519,2.246473
2020-03-03,sz.001979,15.00927813,15.1462388,14.61450914,14.92871303,14.92065652,21393896.0,393090979.62,0.054,0.2703,12.162082,2.247686
2020-03-04,sz.001979,15.04956068,15.65379893,14.9045435,15.55712081,14.92871303,30084696.0,573663901.62,4.2094,0.3802,12.674032,2.3423
2020-03-05,sz.001979,15.47655571,15.52489477,15.18652135,15.4684992,15.55712081,15527129.0,295767761.29,-0.5696,0.1962,12.601834,2.328957
2020-03-06,sz.001979,15.27514296,15.4684992,15.04956068,15.08178672,15.4684992,9075397.0,170505771.32,-2.5,0.1147,12.286788,2.270733
2020-03-09,sz.001979,14.62256565,15.03344766,14.59839612,14.77563934,15.08178672,13048305.0,239116631.96,-2.0299,0.1649,12.037376,2.224639
2020-03-10,sz.001979,14.8239784,15.29125598,14.61450914,14.84009142,14.77563934,10508665.0,194553956.65,0.4362,0.1328,12.089884,2.234343
2020-03-11,sz.001979,15.03344766,15.03344766,14.64673518,14.6628482,14.84009142,7867559.0,143711294.9,-1.1944,0.0994,11.945488,2.207657
2020-03-12,sz.001979,14.54200055,14.56617008,14.22779666,14.36475733,14.6628482,10639111.0,189643166.29,-2.033,0.1344,11.70264,2.162776
2020-03-13,sz.001979,13.78468861,14.26807921,13.72829304,14.11500552,14.36475733,10212561.0,177332137.2,-1.7386,0.129,11.499173,2.125173
2020-03-16,sz.001979,14.24390968,14.24390968,13.50271076,13.66384096,14.11500552,14761212.0,252749370.79,-3.1964,0.1865,11.13162,2.057245
2020-03-17,sz.001979,13.6155019,13.94581881,13.39797613,13.51076727,13.66384096,13669675.0,230454140.97,-1.1203,0.1727,11.006914,2.034198
2020-03-18,sz.001979,13.59938888,13.68801049,13.27712848,13.30935452,13.51076727,10471476.0,175113806.13,-1.4908,0.1323,10.845745,2.004412
2020-03-19,sz.001979,13.22073291,13.38991962,12.85013345,13.05960271,13.30935452,9609248.0,156312814.85,-1.8765,0.1214,10.639361,1.96627
2020-03-20,sz.001979,13.38186311,13.65578445,13.1321113,13.64772794,13.05960271,22314224.0,371106203.47,4.5034,0.282,11.118493,2.054819
2020-03-23,sz.001979,13.22073291,13.25295895,12.9709811,13.07571573,13.64772794,10326949.0,167885889.97,-4.1913,0.1305,10.652487,1.968696
2020-03-24,sz.001979,13.19656338,13.41408915,13.14822432,13.26907197,13.07571573,9411923.0,155037653.86,1.4787,0.1189,10.81001,1.997808
2020-03-25,sz.001979,13.51076727,13.83302767,13.30129801,13.81691465,13.26907197,15278164.0,257611530.18,4.1287,0.1931,11.256325,2.080292
2020-03-26,sz.001979,13.63161492,13.71218002,13.5349368,13.57521935,13.81691465,5575486.0,94196908.13,-1.7493,0.0705,11.059422,2.043902
2020-03-27,sz.001979,13.70412351,13.92164928,13.55910633,13.56716284,13.57521935,12750584.0,216685214.27,-0.0593,0.1611,11.052858,2.042689
2020-03-30,sz.001979,13.2932415,13.51076727,13.18045036,13.23684593,13.56716284,8765244.0,144512354.53,-2.4347,0.1108,10.783757,1.992956
2020-03-31,sz.001979,13.32546754,13.48659774,13.1321113,13.27712848,13.23684593,5636463.0,92928335.45,0.3043,0.0712,10.816574,1.999021
2020-04-01,sz.001979,13.36575009,13.40603264,13.20461989,13.2932415,13.27712848,8203442.0,135520829.35,0.1214,0.1037,10.829701,2.001447
2020-04-02,sz.001979,13.18850687,13.38186311,13.14822432,13.38186311,13.2932415,5035981.0,83060606.49,0.6667,0.0636,10.901899,2.01479
2020-04-03,sz.001979,13.38991962,13.38991962,13.20461989,13.25295895,13.38186311,5037148.0,82925017.31,-0.9633,0.0637,10.796883,1.995382
2020-04-07,sz.001979,13.43825868,13.51882378,13.38186311,13.47048472,13.25295895,7659432.0,127746732.91,1.6413,0.0968,10.974097,2.028133
2020-04-08,sz.001979,13.4543717,13.4543717,13.27712848,13.38186311,13.47048472,4408258.0,73083649.1,-0.6579,0.0557,10.901899,2.01479
2020-04-09,sz.001979,13.47854123,13.5349368,13.36575009,13.3738066,13.38186311,4604591.0,76748618.32,-0.0602,0.0582,10.895335,2.013577
2020-04-10,sz.001979,13.49465425,13.50271076,13.28518499,13.36575009,13.3738066,6734764.0,111916009.3,-0.0602,0.0851,10.888772,2.012364
2020-04-13,sz.001979,13.35769358,13.46242821,13.30129801,13.41408915,13.36575009,7903171.0,131466700.29,0.3617,0.0999,10.928153,2.019642
2020-04-14,sz.001979,13.34158056,13.52688029,13.32546754,13.47048472,13.41408915,12011166.0,200231481.39,0.4204,0.1518,8.2531,2.028133
2020-04-15,sz.001979,13.46242821,13.55104982,13.30129801,13.47048472,13.47048472,8475854.0,141660016.7,0.0,0.1071,8.2531,2.028133
2020-04-16,sz.001979,13.44631519,13.49465425,13.30129801,13.40603264,13.47048472,7444155.0,123441548.21,-0.4785,0.0941,8.213611,2.018429
2020-04-17,sz.001979,13.5349368,13.65578445,13.36575009,13.51882378,13.40603264,12198663.0,204407707.98,0.8414,0.1541,8.282716,2.035411
2020-04-20,sz.001979,13.56716284,13.56716284,13.34158056,13.51882378,13.51882378,9622640.0,160821792.32,0.0,0.1216,8.284944,2.035959
2020-04-21,sz.001979,13.46242821,13.68801049,13.38186311,13.38186311,13.51882378,10550954.0,176815128.99,-1.0131,0.1333,8.201009,1.733633
2020-04-22,sz.001979,13.30935452,13.43825868,13.23684593,13.38186311,13.38186311,6695859.0,110925631.1,0.0,0.0846,8.201009,1.733633
2020-04-23,sz.001979,13.5349368,13.89747975,13.4543717,13.83302767,13.38186311,15362677.0,261609204.83,3.3715,0.1941,8.477503,1.792082
2020-04-24,sz.001979,13.89747975,13.91359277,13.71218002,13.81691465,13.83302767,10584331.0,181217739.27,-0.1165,0.1337,8.467628,1.789994
2020-04-27,sz.001979,13.88136673,13.92970579,13.6155019,13.65578445,13.81691465,7281393.0,124622822.33,-1.1662,0.092,8.36888,1.76912
2020-04-28,sz.001979,13.80080163,14.08277948,13.38991962,13.65578445,13.65578445,10142035.0,172164966.35,0.0,0.1281,8.36888,1.76912
2020-04-29,sz.001979,13.4543717,14.03444042,13.40603264,13.99415787,13.65578445,12794739.0,218314260.13,2.4779,0.1616,8.576251,1.812956
2020-04-30,sz.001979,13.92164928,14.05860995,13.79274512,13.79274512,13.99415787,10992372.0,189738089.09,-1.4393,0.1389,9.718168,1.772856
2020-05-06,sz.001979,13.59938888,13.696067,13.46242821,13.55104982,13.79274512,14699417.0,246575989.22,-1.7523,0.1857,9.547873,1.74179
2020-05-07,sz.001979,13.48659774,13.55104982,13.38186311,13.39797613,13.55104982,8603630.0,143455364.59,-1.1296,0.1087,9.440019,1.722115
2020-05-08,sz.001979,13.39797613,13.49465425,13.34963707,13.42214566,13.39797613,10369213.0,172597038.62,0.1804,0.131,9.457049,1.725221
2020-05-11,sz.001979,13.48659774,13.5349368,13.39797613,13.47854123,13.42214566,6780740.0,113334733.49,0.4202,0.0857,9.496784,1.73247
2020-05-12,sz.001979,13.50271076,13.50271076,13.35769358,13.39797613,13.47854123,5009024.0,83425502.12,-0.5977,0.0633,9.440019,1.722115
2020-05-13,sz.001979,13.35769358,13.44631519,13.26907197,13.38991962,13.39797613,4913353.0,81334405.5,-0.0601,0.0621,9.434343,1.721079
2020-05-14,sz.001979,13.3738066,13.3738066,13.11599828,13.1321113,13.38991962,8152657.0,133847149.85,-1.9254,0.103,9.252695,1.687941
2020-05-15,sz.001979,13.2126764,13.33352405,13.17239385,13.19656338,13.1321113,5255963.0,86398431.92,0.4908,0.0664,9.298107,1.696226
2020-05-18,sz.001979,13.15628083,13.2932415,13.07571573,13.20461989,13.19656338,6544785.0,107397142.29,0.0611,0.0827,9.303783,1.697261
2020-05-19,sz.001979,13.27712848,13.32546754,13.18045036,13.22073291,13.20461989,6105197.0,100194126.22,0.122,0.0771,9.315136,1.699332
2020-05-20,sz.001979,13.24490244,13.25295895,13.14016781,13.16433734,13.22073291,3894563.0,63737840.68,-0.4266,0.0492,9.275401,1.692084
2020-05-21,sz.001979,13.23684593,13.26101546,13.15628083,13.18045036,13.16433734,5150966.0,84394995.74,0.1224,0.0651,9.286754,1.694155
2020-05-22,sz.001979,13.14822432,13.16433734,12.890416,12.890416,13.18045036,6401829.0,103164249.27,-2.2005,0.0809,9.0824,1.656875
2020-05-25,sz.001979,12.890416,13.08377224,12.82596392,13.03543318,12.890416,3391933.0,54684180.21,1.125,0.0429,9.184577,1.675515
2020-05-26,sz.001979,13.01932016,13.08377224,12.97903761,13.07571573,13.03543318,2714393.0,43932862.27,0.309,0.0343,9.212959,1.680693
2020-05-27,sz.001979,13.01932016,13.09182875,12.96292459,12.98709412,13.07571573,3758574.0,60700575.73,-0.6777,0.0475,9.150518,1.669302
2020-05-28,sz.001979,13.01932016,13.30935452,13.00320714,13.04348969,12.98709412,5539936.0,90534053.99,0.4342,0.07,9.190253,1.67655
2020-05-29,sz.001979,13.0515462,13.08377224,12.89847251,12.91458553,13.04348969,10573063.0,169781254.03,-0.9883,0.1336,9.099429,1.659982
2020-06-01,sz.001979,12.91458553,12.91458553,12.91458553,12.91458553,12.91458553,0.0,0.0,0.0,,9.099429,1.659982
2020-06-02,sz.001979,12.91458553,12.91458553,12.91458553,12.91458553,12.91458553,0.0,0.0,0.0,,9.099429,1.659982
2020-06-03,sz.001979,12.91458553,12.91458553,12.91458553,12.91458553,12.91458553,0.0,0.0,0.0,,9.099429,1.659982
2020-06-04,sz.001979,12.91458553,12.91458553,12.91458553,12.91458553,12.91458553,0.0,0.0,0.0,,9.099429,1.659982
2020-06-05,sz.001979,12.91458553,12.91458553,12.91458553,12.91458553,12.91458553,0.0,0.0,0.0,,9.099429,1.659982
2020-06-08,sz.001979,13.56716284,14.08277948,13.3738066,13.60744539,12.91458553,26588516.0,450338162.73,5.3649,0.3356,9.595008,1.750389
2020-06-09,sz.001979,13.6155019,13.79274512,13.5349368,13.67995398,13.60744539,11374017.0,193059154.23,0.5329,0.1436,9.646136,1.759716
2020-06-10,sz.001979,13.696067,13.72829304,13.44631519,13.46242821,13.67995398,11908456.0,199632883.86,-1.5901,0.1503,9.492752,1.731734
2020-06-11,sz.001979,13.48659774,13.59938888,13.30935452,13.31741103,13.46242821,10125472.0,168726817.38,-1.0772,0.1278,9.390496,1.71308
2020-06-12,sz.001979,13.1321113,13.26907197,13.05960271,13.2126764,13.31741103,13817103.0,226251606.84,-0.7865,0.1744,9.316645,1.699608
2020-06-15,sz.001979,13.19656338,13.4543717,13.19656338,13.20461989,13.2126764,13698529.0,225976912.81,-0.061,0.1729,9.310964,1.698571
2020-06-16,sz.001979,13.33352405,13.50271076,13.27712848,13.43825868,13.20461989,11789158.0,196598848.1,1.7694,0.1488,9.475709,1.728625
2020-06-17,sz.001979,13.54299331,13.54299331,13.27712848,13.33352405,13.43825868,6886316.0,114212344.56,-0.7794,0.0869,9.401858,1.715153
2020-06-18,sz.001979,13.33352405,13.49465425,13.2932415,13.47048472,13.33352405,7714206.0,128695137.38,1.0272,0.0974,9.498433,1.732771
2020-06-19,sz.001979,13.43825868,13.51076727,13.32546754,13.43020217,13.47048472,13494361.0,224869090.65,-0.299,0.1703,9.470028,1.727589
2020-06-22,sz.001979,13.39797613,13.52688029,13.32546754,13.32546754,13.43020217,9810856.0,163191736.63,-0.7798,0.1238,9.396177,1.714116
2020-06-23,sz.001979,13.33352405,13.3738066,13.18045036,13.24490244,13.32546754,8559438.0,140878566.07,-0.6046,0.108,9.339368,1.703753
2020-06-24,sz.001979,13.2932415,13.59938888,13.26907197,13.44631519,13.24490244,12800517.0,213988073.29,1.5207,0.1616,9.48139,1.729662
2020-06-29,sz.001979,13.41408915,13.43825868,13.19656338,13.19656338,13.44631519,9356672.0,154010637.14,-1.8574,0.1181,9.305283,1.697535
2020-06-30,sz.001979,13.30129801,13.32546754,13.15628083,13.24490244,13.19656338,12878341.0,211412501.23,0.3663,0.1626,9.339368,1.703753
2020-07-01,sz.001979,13.24490244,14.05860995,13.16433734,13.90553626,13.24490244,35873758.0,609458310.13,4.9878,0.4528,9.8052,1.788733
2020-07-02,sz.001979,13.78468861,14.25196619,13.7766321,14.13917505,13.90553626,35600590.0,621641133.39,1.6802,0.4494,9.969946,1.818787
2020-07-03,sz.001979,14.19557062,14.40503988,13.95387532,14.15528807,14.13917505,27559695.0,483792113.58,0.114,0.3479,9.981308,1.82086
2020-07-06,sz.001979,14.39698337,15.55712081,14.38087035,15.5490643,14.15528807,43634041.0,817825501.45,9.8463,0.5508,10.9641,2.000148
2020-07-07,sz.001979,15.6296294,16.11302,15.03344766,15.12206927,15.5490643,57667984.0,1106717980.65,-2.7461,0.728,10.663013,1.945222
2020-07-08,sz.001979,14.96899558,15.12206927,14.59033961,14.95288256,15.12206927,50034890.0,919829846.89,-1.1188,0.6316,10.543715,1.923458
2020-07-09,sz.001979,14.94482605,16.00828537,14.8239784,15.41210363,14.95288256,52049452.0,989777133.78,3.0711,0.657,10.867525,1.98253
2020-07-10,sz.001979,15.2268039,16.11302,15.1462388,15.99217235,15.41210363,69024443.0,1346809915.37,3.7637,0.8713,11.276548,2.057147
2020-07-13,sz.001979,16.10496349,16.40305436,15.41210363,15.9518898,15.99217235,55565766.0,1092463828.59,-0.2519,0.7014,11.248144,2.051965
2020-07-14,sz.001979,15.68602497,15.8713247,15.17040833,15.29931249,15.9518898,46540421.0,894975956.96,-4.0909,0.5875,10.787993,1.968021
2020-07-15,sz.001979,15.3879341,15.50878175,14.62256565,14.63867867,15.29931249,37249650.0,687131614.25,-4.3181,0.4702,10.32216,1.883041
2020-07-16,sz.001979,14.75146981,15.04956068,14.47754847,14.50977451,14.63867867,26693429.0,489323257.26,-0.8806,0.337,10.231266,1.866459
2020-07-17,sz.001979,14.52588753,14.84009142,14.3405878,14.75952632,14.50977451,18935246.0,343298094.55,1.7213,0.239,10.407374,1.898586
2020-07-20,sz.001979,14.87231746,15.2268039,14.6628482,15.12206927,14.75952632,21226430.0,395207749.3,2.4563,0.2679,10.663013,1.945222
2020-07-21,sz.001979,15.13012578,15.18652135,14.9045435,15.04150417,15.12206927,17923749.0,333563679.45,-0.5328,0.2263,10.606204,1.934858
2020-07-22,sz.001979,15.04956068,15.27514296,14.85620444,15.21069088,15.04150417,20015483.0,375725989.82,1.1248,0.2527,10.725503,1.956621
2020-07-23,sz.001979,15.00866995,15.00866995,14.5288639,14.63829335,15.21069355,25831719.0,451358773.59,-3.7631,0.3261,9.879052,1.802206
2020-07-24,sz.001979,14.5625345,14.7813934,14.1921579,14.3773462,14.63829335,19365688.0,332695447.72,-1.7826,0.2445,9.702944,1.770079
2020-07-27,sz.001979,14.38576385,14.5120286,14.1079814,14.1753226,14.3773462,10685339.0,180449140.62,-1.4052,0.1349,9.566603,1.745207
2020-07-28,sz.001979,14.2594991,14.45310505,13.9901343,14.3773462,14.1753226,16505076.0,280539476.07,1.4252,0.2083,9.702944,1.770079
2020-07-29,sz.001979,14.3941815,14.53728155,14.26791675,14.4951933,14.3773462,10643494.0,182612697.86,0.8197,0.1344,9.782477,1.784588
2020-07-30,sz.001979,14.4951933,14.4951933,14.2763344,14.36892855,14.4951933,15275275.0,260602039.44,-0.8711,0.1928,9.697264,1.769043
2020-07-31,sz.001979,14.36892855,14.5120286,14.2258285,14.3605109,14.36892855,15728474.0,268779470.01,-0.0586,0.1985,9.691583,1.768006
2020-08-03,sz.001979,14.4110168,14.7645581,14.36892855,14.7140522,14.3605109,25533947.0,440388747.11,2.4619,0.3223,9.93018,1.811533
2020-08-04,sz.001979,14.65512865,14.9160758,14.48677565,14.73930515,14.7140522,30829213.0,538016531.75,0.1716,0.3892,9.947222,1.814642
2020-08-05,sz.001979,14.646711,14.6635463,14.36892855,14.43626975,14.73930515,16760784.0,288171867.63,-2.056,0.2116,9.742711,1.777334
2020-08-06,sz.001979,14.478358,14.5625345,14.2931697,14.46994035,14.43626975,14769164.0,253273097.72,0.2332,0.1864,9.765434,1.781479
2020-08-07,sz.001979,14.40259915,14.4278521,14.08272845,14.18374025,14.46994035,14672815.0,248500528.48,-1.9779,0.1852,9.572284,1.746243
2020-08-10,sz.001979,14.2089932,14.478358,14.1753226,14.46994035,14.18374025,15931231.0,272298701.9,2.0178,0.2011,9.765434,1.781479
2020-08-11,sz.001979,14.5625345,14.5962051,14.2089932,14.2089932,14.46994035,14509724.0,249023471.81,-1.8034,0.1832,9.589327,1.749352
2020-08-12,sz.001979,14.1921579,14.43626975,14.06589315,14.40259915,14.2089932,15902237.0,268935441.98,1.3626,0.2007,9.719987,1.773188
2020-08-13,sz.001979,14.33525795,14.4951933,14.31842265,14.3268403,14.40259915,7911840.0,135131869.88,-0.526,0.0999,9.668859,1.763861
2020-08-14,sz.001979,14.33525795,14.646711,14.1921579,14.5793698,14.3268403,18188868.0,313218244.35,1.7626,0.2296,9.839286,1.794951
2020-08-17,sz.001979,14.5793698,14.9497464,14.5456992,14.68879925,14.5793698,22863973.0,400984823.19,0.7506,0.2886,9.913137,1.808424
2020-08-18,sz.001979,14.65512865,14.6803816,14.40259915,14.4951933,14.68879925,15830998.0,273219905.37,-1.3181,0.1998,9.782477,1.784588
2020-08-19,sz.001979,14.52044625,14.53728155,14.3268403,14.3605109,14.4951933,12223523.0,209433770.25,-0.9292,0.1543,9.691583,1.768006
2020-08-20,sz.001979,14.36892855,14.43626975,14.23424615,14.26791675,14.3605109,9119208.0,155079217.05,-0.6448,0.1151,9.629093,1.756607
2020-08-21,sz.001979,14.36892855,14.45310505,14.26791675,14.40259915,14.26791675,8933101.0,152435377.13,0.944,0.1128,9.719987,1.773188
2020-08-24,sz.001979,14.45310505,14.5625345,14.26791675,14.3436756,14.40259915,11579155.0,197874215.19,-0.4091,0.1462,9.680221,1.765934
2020-08-25,sz.001979,14.26791675,14.36892855,14.1753226,14.23424615,14.3436756,11786916.0,199410241.52,-0.7629,0.1488,11.119126,1.907599
2020-08-26,sz.001979,14.2089932,14.2089932,13.84703425,13.9059578,14.23424615,16667838.0,276971363.34,-2.3063,0.2104,10.862682,1.863603
2020-08-27,sz.001979,13.9059578,14.03222255,13.66184595,13.81336365,13.9059578,11085065.0,181510389.32,-0.6659,0.1399,10.790352,1.851194
2020-08-28,sz.001979,13.7881107,14.04905785,13.7207695,13.96488135,13.81336365,10474674.0,172932214.07,1.0969,0.1322,10.90871,1.8715
2020-08-31,sz.001979,13.9396284,14.1248167,13.804946,14.0574755,13.96488135,11451926.0,189551435.04,0.6631,0.1446,10.981041,1.883909
2020-09-01,sz.001979,13.89754015,13.9227931,13.74602245,13.8386166,14.0574755,6741954.0,110778786.44,-1.5569,0.0851,10.810078,1.854579
2020-09-02,sz.001979,13.8386166,14.310005,13.7207695,14.1079814,13.8386166,17988031.0,298331546.83,1.9465,0.2271,11.020494,1.890677
2020-09-03,sz.001979,13.804946,13.99855195,13.804946,13.8554519,14.1079814,10870466.0,179247823.41,-1.79,0.1372,10.823229,1.856835
2020-09-04,sz.001979,13.76285775,13.9227931,13.69551655,13.86386955,13.8554519,8270661.0,135619307.3,0.0608,0.1044,10.829805,1.857963
2020-09-07,sz.001979,13.8217813,14.03222255,13.7207695,13.7207695,13.86386955,10014054.0,164980862.04,-1.0322,0.1264,10.718022,1.838785
2020-09-08,sz.001979,13.7376048,13.84703425,13.6702636,13.804946,13.7207695,9936052.0,162621180.39,0.6135,0.1254,10.783776,1.850066
2020-09-09,sz.001979,13.7039342,13.77969305,13.6197577,13.6197577,13.804946,9236487.0,150094614.05,-1.3415,0.1166,10.639116,1.825248
2020-09-10,sz.001979,13.6534283,13.91437545,13.54399885,13.61134005,13.6197577,11340890.0,184436542.51,-0.0618,0.1432,10.632541,1.82412
2020-09-11,sz.001979,13.5692518,13.59450475,13.47665765,13.51032825,13.61134005,7890642.0,126682097.23,-0.7421,0.0996,10.553635,1.810583
2020-09-14,sz.001979,13.51032825,13.5692518,13.3335576,13.4008988,13.51032825,7703657.0,122884438.79,-0.81,0.0972,10.468154,1.795918
2020-09-15,sz.001979,13.4008988,13.4177341,13.2157105,13.25779875,13.4008988,12534804.0,198130757.96,-1.0678,0.1582,10.356371,1.77674
2020-09-16,sz.001979,13.1820399,13.2662164,13.0473575,13.13995165,13.25779875,13563744.0,211583343.73,-0.8889,0.1712,10.264314,1.760947
2020-09-17,sz.001979,13.17362225,13.2157105,13.02210455,13.0473575,13.13995165,11814356.0,183548105.27,-0.7047,0.1491,10.191984,1.748538
2020-09-18,sz.001979,13.0473575,13.4850753,13.00526925,13.45982235,13.0473575,17790531.0,281023965.33,3.1613,0.2246,10.514182,1.803815
2020-09-21,sz.001979,13.4850753,13.4850753,13.299887,13.34197525,13.45982235,8107012.0,128655920.98,-0.8755,0.1023,10.422125,1.788021
2020-09-22,sz.001979,13.299887,13.39248115,13.13995165,13.1483693,13.34197525,7308767.0,115079992.67,-1.4511,0.0923,10.27089,1.762075
2020-09-23,sz.001979,13.1483693,13.1483693,13.1483693,13.1483693,13.1483693,0.0,0.0,0.0,,10.27089,1.762075
2020-09-24,sz.001979,13.17362225,13.4008988,12.98843395,13.12311635,13.1483693,10599127.0,165389537.37,-0.1921,0.1338,10.251163,1.758691
2020-09-25,sz.001979,13.131534,13.1988752,12.8790045,12.9126751,13.12311635,6974875.0,107619724.68,-1.6036,0.088,10.086776,1.730489
2020-09-28,sz.001979,12.98843395,13.131534,12.85375155,12.88742215,12.9126751,8890061.0,137402385.82,-0.1956,0.1122,10.06705,1.727105
2020-09-29,sz.001979,12.98843395,13.0136869,12.794828,12.80324565,12.88742215,8305680.0,126816423.5,-0.6532,0.1048,10.001295,1.715824
2020-09-30,sz.001979,12.82008095,12.87058685,12.626475,12.75273975,12.80324565,8852134.0,133978606.8,-0.3945,0.1117,9.961842,1.709055
2020-10-09,sz.001979,12.78641035,12.88742215,12.76957505,12.7779927,12.75273975,9148666.0,139381987.14,0.198,0.1155,9.981569,1.712439
2020-10-12,sz.001979,13.131534,13.59450475,13.131534,13.2662164,12.7779927,35317309.0,558979580.61,3.8208,0.4458,10.362946,1.777869
2020-10-13,sz.001979,13.299887,13.299887,13.08944575,13.24096345,13.2662164,17394690.0,271952784.02,-0.1904,0.2196,10.34322,1.774484
2020-10-14,sz.001979,13.2662164,13.2662164,12.9295104,12.9463457,13.24096345,15293248.0,237068055.08,-2.225,0.1931,10.113078,1.735001
2020-10-15,sz.001979,13.03893985,13.07261045,12.9295104,12.95476335,12.9463457,7921057.0,122162507.29,0.065,0.1,10.119654,1.736129
2020-10-16,sz.001979,12.9126751,12.98843395,12.83691625,12.9463457,12.95476335,10087017.0,154706315.06,-0.065,0.1273,10.113078,1.735001
2020-10-19,sz.001979,12.9968516,13.1988752,12.7779927,12.8453339,12.9463457,14589313.0,224271763.72,-0.7802,0.1842,10.034172,1.721464
2020-10-20,sz.001979,12.8116633,12.90425745,12.66856325,12.88742215,12.8453339,9577291.0,145537048.39,0.3277,0.1209,9.236207,1.703507
2020-10-21,sz.001979,12.8958398,12.9463457,12.7779927,12.8621692,12.88742215,6792624.0,103575420.65,-0.196,0.0858,9.218108,1.700169
2020-10-22,sz.001979,12.8621692,12.92109275,12.794828,12.8790045,12.8621692,6284243.0,96032301.93,0.1309,0.0793,9.230174,1.702394
2020-10-23,sz.001979,12.8621692,12.9295104,12.82008095,12.8790045,12.8790045,7517563.0,115181570.69,0.0,0.0949,9.230174,1.702394
2020-10-26,sz.001979,12.8790045,12.92109275,12.7274868,12.7779927,12.8790045,6846649.0,104093917.7,-0.7843,0.0864,9.15778,1.689042
2020-10-27,sz.001979,12.7779927,12.78641035,12.65172795,12.6769809,12.7779927,6902802.0,104028725.02,-0.7905,0.0871,9.085387,1.67569
2020-10-28,sz.001979,12.6769809,12.6769809,12.3402749,12.3739455,12.6769809,15412089.0,227234670.67,-2.3904,0.1946,8.868206,1.635634
2020-10-29,sz.001979,12.2560984,12.3402749,12.12983365,12.2224278,12.3739455,12811014.0,186081352.68,-1.2245,0.1617,8.759616,1.615606
2020-10-30,sz.001979,12.2055925,12.3234396,11.8015453,11.8352159,12.2224278,15179261.0,216941564.09,-3.168,0.1916,8.482108,1.564422
2020-11-02,sz.001979,11.8520512,11.9362277,11.54059815,11.59110405,11.8352159,15069964.0,209819851.76,-2.0626,0.1903,8.307157,1.532155
2020-11-03,sz.001979,11.64160995,12.14666895,11.55743345,12.02882185,11.59110405,18321797.0,260122596.53,3.7763,0.2313,8.620862,1.590014
2020-11-04,sz.001979,12.0709101,12.1045807,11.8688865,11.9362277,12.02882185,9313050.0,132219243.73,-0.7698,0.1176,8.554501,1.577775
2020-11-05,sz.001979,11.953063,12.2055925,11.94464535,12.19717485,11.9362277,11460861.0,164892029.66,2.1862,0.1447,8.741518,1.612267
2020-11-06,sz.001979,12.24768075,12.28135135,12.0877454,12.2392631,12.19717485,7031472.0,101801099.16,0.3451,0.0888,8.771682,1.617831
2020-11-09,sz.001979,12.289769,12.44970435,12.24768075,12.3907808,12.2392631,12227003.0,179631244.76,1.238,0.1544,8.880272,1.637859
2020-11-10,sz.001979,12.458122,12.5591338,12.2729337,12.31502195,12.3907808,8783768.0,129544822.05,-0.6114,0.1109,8.825977,1.627845
2020-11-11,sz.001979,12.2224278,12.5928044,12.2224278,12.5254632,12.31502195,11446342.0,169773983.22,1.7088,0.1445,8.976797,1.655662
2020-11-12,sz.001979,12.53388085,12.5591338,12.3066043,12.3066043,12.5254632,6341405.0,93334198.52,-1.7473,0.0801,8.819944,1.626732
2020-11-13,sz.001979,12.38236315,12.38236315,12.0540748,12.14666895,12.3066043,6295410.0,90927474.39,-1.2996,0.0795,8.705321,1.605591
2020-11-16,sz.001979,12.16350425,12.3066043,12.121416,12.2560984,12.14666895,6756905.0,98142039.23,0.9009,0.0853,8.783747,1.620056
2020-11-17,sz.001979,12.21401015,12.73590445,12.19717485,12.61805735,12.2560984,19871561.0,295899682.88,2.9533,0.2509,9.043157,1.667901
2020-11-18,sz.001979,12.60122205,12.6938162,12.46653965,12.6433103,12.61805735,9859782.0,147635115.85,0.2001,0.1245,9.061256,1.671239
2020-11-19,sz.001979,12.626475,12.76957505,12.5086279,12.5422985,12.6433103,9463587.0,141563045.65,-0.7989,0.1195,8.988862,1.657887
2020-11-20,sz.001979,12.5422985,12.55071615,12.2392631,12.36552785,12.5422985,12218810.0,179211562.11,-1.4094,0.1543,8.862174,1.634521
2020-11-23,sz.001979,12.3066043,12.44970435,12.21401015,12.3739455,12.36552785,11859666.0,173635545.18,0.0681,0.1497,8.869242,1.635825
2020-11-24,sz.001979,12.34869255,12.458122,12.2392631,12.28135135,12.3739455,9318301.0,136595899.68,-0.7483,0.1176,8.802873,1.623584
2020-11-25,sz.001979,12.33185725,12.50021025,12.1719219,12.1887572,12.28135135,10455164.0,153085625.26,-0.7539,0.132,8.736505,1.611343
2020-11-26,sz.001979,12.1382513,12.23084545,11.9362277,11.97831595,12.1887572,13946900.0,199747646.54,-1.7265,0.1761,8.585668,1.583523
2020-11-27,sz.001979,11.99515125,12.34869255,11.9867336,12.18033955,11.97831595,15844279.0,228539634.0,1.6866,0.2,8.730471,1.61023
2020-11-30,sz.001979,12.24768075,12.5759691,12.24768075,12.3402749,12.18033955,22677503.0,334583546.82,1.3131,0.2863,8.845108,1.631373
2020-12-01,sz.001979,12.29818665,12.33185725,12.01198655,12.28135135,12.3402749,22406731.0,324144698.6,-0.4775,0.2829,8.802873,1.623584
2020-12-02,sz.001979,12.41603375,12.48337495,12.2729337,12.2729337,12.28135135,21443092.0,315104513.99,-0.0685,0.2707,8.79684,1.622471
2020-12-03,sz.001979,12.33185725,12.36552785,12.0877454,12.14666895,12.2729337,20323033.0,294007825.64,-1.0288,0.2565,8.706337,1.605779
2020-12-04,sz.001979,12.1550866,12.18033955,11.77629235,11.87730415,12.14666895,28478006.0,403216380.45,-2.2176,0.3595,8.513266,1.570169
2020-12-07,sz.001979,11.8857218,11.9362277,11.6500276,11.67528055,11.87730415,18367322.0,255656601.24,-1.7009,0.2319,8.368462,1.543462
2020-12-08,sz.001979,11.67528055,11.72578645,11.57426875,11.6331923,11.67528055,12785323.0,176485681.58,-0.3605,0.1614,8.338294,1.537898
2020-12-09,sz.001979,11.65844525,11.6836982,11.5321805,11.5490158,11.6331923,12020373.0,165667268.17,-0.7236,0.1517,8.277959,1.52677
2020-12-10,sz.001979,11.54059815,11.62477465,11.5321805,11.5658511,11.5490158,9026645.0,123994834.62,0.1458,0.1139,8.290026,1.528995
2020-12-11,sz.001979,11.57426875,11.5826864,11.2123098,11.2964863,11.5658511,19801079.0,265698304.5,-2.329,0.25,8.096954,1.493386
2020-12-14,sz.001979,11.2964863,11.4648393,11.20389215,11.3806628,11.2964863,10740386.0,145027864.03,0.7452,0.1356,8.157289,1.504514
2020-12-15,sz.001979,11.3806628,11.3806628,11.25439805,11.3301569,11.3806628,6532073.0,87781055.08,-0.4438,0.0825,8.121088,1.497837
2020-12-16,sz.001979,11.3469922,11.47325695,11.279651,11.3974981,11.3301569,8070766.0,109121919.47,0.5944,0.1019,8.169356,1.506739
2020-12-17,sz.001979,11.38908045,11.43958635,11.25439805,11.42275105,11.3974981,8520070.0,114979714.62,0.2216,0.1076,8.187457,1.510078
2020-12-18,sz.001979,11.4143334,11.49009225,11.33857455,11.33857455,11.42275105,7029152.0,95240443.78,-0.7369,0.0887,8.127122,1.49895
2020-12-21,sz.001979,11.32173925,11.33857455,11.0944627,11.1954745,11.33857455,11198887.0,148968240.37,-1.2621,0.1414,8.024552,1.480032
2020-12-22,sz.001979,11.1786392,11.35540985,11.0944627,11.13655095,11.1954745,9945561.0,132235825.7,-0.5263,0.1255,7.982318,1.472242
2020-12-23,sz.001979,11.23756275,11.23756275,11.03553915,11.08604505,11.13655095,8304924.0,109389672.54,-0.4535,0.1048,7.946117,1.465565
2020-12-24,sz.001979,11.06920975,11.1281333,10.942945,10.9934509,11.08604505,7204183.0,94112551.68,-0.8352,0.0909,7.879748,1.453325
2020-12-25,sz.001979,10.98503325,10.98503325,10.7914273,10.9261097,10.9934509,7891463.0,102070149.38,-0.6126,0.0996,7.83148,1.444422
2020-12-28,sz.001979,10.90085675,10.90085675,10.68199785,10.69883315,10.9261097,10384483.0,133000104.54,-2.0801,0.1311,7.668576,1.414376
2020-12-29,sz.001979,10.69883315,11.0271215,10.6567449,11.00186855,10.69883315,12046700.0,156295830.9,2.8324,0.1521,7.885782,1.454437
2020-12-30,sz.001979,10.9261097,11.0439568,10.90085675,10.9261097,11.00186855,6148166.0,80033925.76,-0.6886,0.0776,7.83148,1.444422
2020-12-31,sz.001979,10.9261097,11.22072745,10.8756038,11.18705685,10.9261097,10886596.0,143635916.32,2.3883,0.1374,8.018519,1.478919
2021-01-04,sz.001979,11.06920975,11.10288035,10.8250979,10.88402145,11.18705685,16449383.0,213082327.73,-2.7088,0.2076,7.801313,1.438858
2021-01-05,sz.001979,10.8587685,10.8924391,10.606239,10.8924391,10.88402145,15951784.0,203133636.46,0.0773,0.2014,7.807346,1.439971
2021-01-06,sz.001979,10.78300965,11.01870385,10.76617435,10.90085675,10.8924391,13157637.0,170451414.41,0.0773,0.1661,7.81338,1.441084
2021-01-07,sz.001979,10.9092744,11.0776274,10.81668025,10.95136265,10.90085675,12847569.0,166462618.65,0.4633,0.1622,7.849581,1.447761
2021-01-08,sz.001979,10.8419332,11.28806865,10.83351555,11.17022155,10.95136265,18003488.0,237568500.85,1.9985,0.2273,8.006452,1.476693
2021-01-11,sz.001979,11.17022155,11.3469922,11.0102862,11.15338625,11.17022155,16624142.0,220835980.17,-0.1507,0.2099,7.994385,1.474468
2021-01-12,sz.001979,11.15338625,11.2291451,10.88402145,11.0439568,11.15338625,13440009.0,175388083.6,-0.9811,0.1697,7.915949,1.460001
2021-01-13,sz.001979,11.01870385,11.0439568,10.8082626,10.90085675,11.0439568,16522888.0,214028204.45,-1.2957,0.2086,7.81338,1.441084
2021-01-14,sz.001979,10.8587685,11.23756275,10.8587685,11.111298,10.90085675,14365046.0,189232121.95,1.9305,0.1813,7.964217,1.468904
2021-01-15,sz.001979,11.111298,11.30490395,11.0271215,11.1281333,11.111298,14070870.0,186959192.06,0.1515,0.1776,7.976284,1.471129
2021-01-18,sz.001979,11.13655095,11.27123335,11.03553915,11.20389215,11.1281333,14227134.0,188325564.19,0.6808,0.1796,8.030586,1.481145
2021-01-19,sz.001979,11.15338625,11.65844525,11.06920975,11.49009225,11.20389215,29137308.0,394808324.7,2.5545,0.3678,8.235725,1.51898
2021-01-20,sz.001979,11.43958635,11.49009225,11.13655095,11.1954745,11.49009225,18161164.0,242543144.84,-2.5641,0.2293,8.024552,1.480032
2021-01-21,sz.001979,11.1618039,11.22072745,11.01870385,11.06920975,11.1954745,13992519.0,184235108.38,-1.1278,0.1766,7.93405,1.46334
2021-01-22,sz.001979,11.0944627,11.0944627,10.774592,10.78300965,11.06920975,14968245.0,193323640.93,-2.5856,0.189,7.728911,1.425504
2021-01-25,sz.001979,10.73250375,10.74933905,10.58098605,10.63149195,10.78300965,13499778.0,170598713.03,-1.4052,0.1704,7.620308,1.405474
2021-01-26,sz.001979,10.6230743,10.73250375,10.31162125,10.4210507,10.63149195,13548472.0,169737732.59,-1.9794,0.171,7.46947,1.377654
2021-01-27,sz.001979,10.36212715,10.54731545,10.24428005,10.32845655,10.4210507,14056198.0,173373151.88,-0.8885,0.1774,7.403102,1.365413
2021-01-28,sz.001979,10.24428005,10.3200389,10.00858585,10.04225645,10.32845655,15707943.0,188641987.25,-2.771,0.1983,7.197963,1.327577
2021-01-29,sz.001979,10.04225645,10.12643295,9.9496623,9.9496623,10.04225645,10182964.0,121343731.82,-0.922,0.1285,7.131595,1.315337
2021-02-01,sz.001979,9.9664976,10.07592705,9.8149799,10.0001682,9.9496623,11016301.0,130006179.66,0.5076,0.1391,7.167796,1.322013
2021-02-02,sz.001979,10.05909175,10.2358624,9.89073875,9.9496623,10.0001682,13805321.0,164932956.42,-0.5051,0.1743,7.131595,1.315337
2021-02-03,sz.001979,9.97491525,9.9833329,9.6802975,9.7981446,9.9496623,12145730.0,141527696.96,-1.5228,0.1533,7.022992,1.295306
2021-02-04,sz.001979,9.764474,9.90757405,9.6129563,9.8486505,9.7981446,11998688.0,139443627.38,0.5155,0.1515,7.059193,1.301983
2021-02-05,sz.001979,9.85706815,10.07592705,9.85706815,9.97491525,9.8486505,10122188.0,119971565.19,1.2821,0.1278,7.149695,1.318675
2021-02-08,sz.001979,9.95807995,10.0843447,9.8654858,9.8991564,9.97491525,9986101.0,118223957.08,-0.7595,0.1261,7.095394,1.30866
2021-02-09,sz.001979,9.90757405,9.9664976,9.68871515,9.95807995,9.8991564,8961661.0,104562155.59,0.5952,0.1131,7.137628,1.316449
2021-02-10,sz.001979,9.90757405,10.02542115,9.7813093,9.9159917,9.95807995,10783972.0,126507240.36,-0.4227,0.1361,7.107461,1.310885
2021-02-18,sz.001979,10.02542115,10.31162125,10.02542115,10.2190271,9.9159917,14270917.0,172641310.4,3.056,0.1801,7.324666,1.350946
2021-02-19,sz.001979,10.1685212,10.5220625,10.14326825,10.49680955,10.2190271,16960309.0,209579602.96,2.7183,0.2141,7.523772,1.387669
2021-02-22,sz.001979,10.5557331,10.8756038,10.5220625,10.7240861,10.49680955,19126841.0,243608947.03,2.1652,0.2414,7.686676,1.417715
2021-02-23,sz.001979,10.6735802,10.73250375,10.4883919,10.53048015,10.7240861,13169089.0,165917496.63,-1.8053,0.1662,7.547906,1.39212
2021-02-24,sz.001979,10.58098605,10.74933905,10.5220625,10.61465665,10.53048015,15164114.0,191266858.23,0.7994,0.1914,8.154182,1.403248
2021-02-25,sz.001979,10.56415075,11.67528055,10.5557331,11.3638275,10.61465665,70533997.0,954136263.92,7.0579,0.8904,8.729695,1.502288
2021-02-26,sz.001979,11.20389215,11.23756275,10.81668025,10.8250979,11.3638275,35927360.0,467834811.08,-4.7407,0.4535,8.315843,1.431068
2021-03-01,sz.001979,10.81668025,11.1618039,10.7072508,10.98503325,10.8250979,20330860.0,264390226.88,1.4774,0.2566,8.438705,1.452212
2021-03-02,sz.001979,10.96819795,11.1786392,10.81668025,10.88402145,10.98503325,14625977.0,190394193.03,-0.9195,0.1846,8.361108,1.438858
2021-03-03,sz.001979,10.774592,11.0102862,10.774592,10.86718615,10.88402145,11600124.0,149806641.29,-0.1547,0.1464,8.348175,1.436632
2021-03-04,sz.001979,10.8250979,11.01870385,10.7577567,10.78300965,10.86718615,10682844.0,137713867.16,-0.7746,0.1349,8.283511,1.425504
2021-03-05,sz.001979,10.7072508,10.85035085,10.58098605,10.7072508,10.78300965,10676532.0,135545144.1,-0.7026,0.1348,8.225313,1.415489
2021-03-08,sz.001979,10.7409214,10.81668025,10.5894037,10.5894037,10.7072508,9267087.0,117684178.99,-1.1006,0.117,8.134783,1.39991
2021-03-09,sz.001979,10.5894037,10.79984495,10.4883919,10.54731545,10.5894037,12223931.0,154323104.21,-0.3975,0.1543,8.10245,1.394346
2021-03-10,sz.001979,10.61465665,10.7240861,10.51364485,10.54731545,10.54731545,8016914.0,100926084.46,0.0,0.1012,8.10245,1.394346
2021-03-11,sz.001979,10.64832725,10.6735802,10.53048015,10.56415075,10.54731545,9050093.0,113770442.07,0.1596,0.1142,8.115383,1.396571
2021-03-12,sz.001979,10.5388978,10.79984495,10.4547213,10.6399096,10.56415075,12721172.0,160225251.68,0.7171,0.1606,8.173581,1.406587
2021-03-15,sz.001979,10.6230743,10.6735802,10.4715566,10.5388978,10.6399096,11159123.0,140133204.01,-0.9494,0.1409,8.095984,1.393233
2021-03-16,sz.001979,10.5388978,10.90085675,10.4883919,10.8587685,10.5388978,18886827.0,240846099.72,3.0351,0.2384,8.341709,1.43552
2021-03-17,sz.001979,10.78300965,10.90085675,10.64832725,10.69883315,10.8587685,13536972.0,172682485.64,-1.4729,0.1709,8.218846,1.414376
2021-03-18,sz.001979,10.6567449,10.73250375,10.54731545,10.5557331,10.69883315,10944719.0,138219551.15,-1.3375,0.1382,8.108917,1.395459
2021-03-19,sz.001979,10.5220625,10.5557331,10.24428005,10.3873801,10.5557331,16464261.0,203112264.33,-1.5949,0.2078,7.979588,1.373203
2021-03-22,sz.001979,10.269533,10.74933905,10.26111535,10.68199785,10.3873801,16383762.0,205677832.53,2.8363,0.2068,8.205913,1.412151
2021-03-23,sz.001979,10.774592,10.8756038,10.63149195,10.6904155,10.68199785,16191412.0,206848930.82,0.0788,0.2044,8.21238,1.243878
2021-03-24,sz.001979,10.64832725,10.774592,10.5894037,10.61465665,10.6904155,11516861.0,145870864.78,-0.7087,0.1454,8.154182,1.235063
2021-03-25,sz.001979,10.68199785,10.7072508,10.5388978,10.58098605,10.61465665,10326499.0,130116637.55,-0.3172,0.1304,8.128316,1.231145
2021-03-26,sz.001979,10.606239,10.64832725,10.51364485,10.54731545,10.58098605,10402222.0,130634566.89,-0.3182,0.1313,8.10245,1.227227
2021-03-29,sz.001979,10.53048015,10.56415075,10.37896245,10.5220625,10.54731545,9695579.0,120733302.89,-0.2394,0.1224,8.083051,1.224289
2021-03-30,sz.001979,10.44630365,10.5220625,10.31162125,10.32845655,10.5220625,12486760.0,153792696.53,-1.84,0.1576,7.934323,1.201762
2021-03-31,sz.001979,10.31162125,10.36212715,10.24428005,10.32845655,10.32845655,10477581.0,128139173.35,0.0,0.1323,7.934323,1.201762
2021-04-01,sz.001979,10.3873801,10.41263305,10.2863683,10.32845655,10.32845655,7058574.0,86641942.53,0.0,0.0891,7.934323,1.201762
2021-04-02,sz.001979,10.31162125,10.49680955,10.3032036,10.36212715,10.32845655,8685031.0,107246527.44,0.326,0.1096,7.960189,1.20568
2021-04-06,sz.001979,10.39579775,10.4210507,10.31162125,10.3200389,10.36212715,6896381.0,84685684.66,-0.4062,0.0871,7.927857,1.200783
2021-04-07,sz.001979,10.3200389,10.4210507,10.27795065,10.3537095,10.3200389,10015157.0,123152457.32,0.3263,0.1264,7.953722,1.2047
2021-04-08,sz.001979,10.3368742,10.36212715,10.1516859,10.1516859,10.3537095,13092425.0,159278194.66,-1.9512,0.1653,7.798528,1.181194
2021-04-09,sz.001979,10.19377415,10.2190271,10.14326825,10.1853565,10.1516859,5963099.0,72071716.29,0.3317,0.0753,7.824393,1.185112
2021-04-12,sz.001979,10.1853565,10.2358624,10.1348506,10.1685212,10.1853565,8059989.0,97577674.67,-0.1653,0.1017,7.811461,1.183153
2021-04-13,sz.001979,10.24428005,10.24428005,10.0001682,10.05909175,10.1685212,10110134.0,121201004.92,-1.0762,0.1276,7.727397,1.17042
2021-04-14,sz.001979,10.0338388,10.14326825,10.02542115,10.09276235,10.05909175,6781197.0,81301404.32,0.3347,0.0856,7.753263,1.174338
2021-04-15,sz.001979,10.04225645,10.1180153,10.0001682,10.10959765,10.09276235,7642437.0,91376383.99,0.1668,0.0965,7.766196,1.176297
2021-04-16,sz.001979,10.10959765,10.269533,10.0675094,10.2526977,10.10959765,8292246.0,100546821.99,1.4155,0.1047,7.876125,1.192947
2021-04-19,sz.001979,10.26111535,10.32845655,10.1685212,10.3032036,10.2526977,8506420.0,103782354.86,0.4926,0.1074,7.914924,1.198824
2021-04-20,sz.001979,10.2358624,10.2526977,10.09276235,10.14326825,10.3032036,11964700.0,144449990.37,-1.5523,0.151,7.709843,1.178115
2021-04-21,sz.001979,10.14326825,10.2021918,10.0506741,10.12643295,10.14326825,7368308.0,88738103.03,-0.166,0.093,7.697047,1.176159
2021-04-22,sz.001979,10.1685212,10.2863683,10.10959765,10.1180153,10.12643295,9627795.0,116230154.11,-0.0831,0.1215,7.690649,1.175182
2021-04-23,sz.001979,10.1180153,10.1180153,9.9833329,10.0001682,10.1180153,9897650.0,117962148.81,-1.1647,0.1249,7.601074,1.161494
2021-04-26,sz.001979,10.0001682,10.04225645,9.85706815,9.85706815,10.0001682,8290001.0,97890401.57,-1.431,0.1046,7.492304,1.144873
2021-04-27,sz.001979,9.84023285,9.92440935,9.80656225,9.82339755,9.85706815,6879675.0,80620964.59,-0.3416,0.0868,7.466711,1.140963
2021-04-28,sz.001979,9.8654858,9.8823211,9.80656225,9.85706815,9.82339755,6158619.0,71969611.24,0.3428,0.0777,7.492304,1.144873
2021-04-29,sz.001979,9.85706815,9.9496623,9.8318152,9.8823211,9.85706815,5772748.0,67823200.12,0.2562,0.0729,7.511499,1.147806
2021-04-30,sz.001979,9.85706815,9.9159917,9.68871515,9.7813093,9.8823211,11437564.0,133023544.38,-1.0221,0.1444,7.43472,1.136074
2021-05-06,sz.001979,9.764474,9.932827,9.7308034,9.77289165,9.7813093,9110622.0,106603056.29,-0.0861,0.115,7.428322,1.135096
2021-05-07,sz.001979,9.77289165,9.84023285,9.73922105,9.75605635,9.77289165,10526598.0,122349319.18,-0.1723,0.1329,7.415526,1.133141
2021-05-10,sz.001979,9.78972695,9.7981446,9.63820925,9.764474,9.75605635,8505210.0,98290343.29,0.0863,0.1074,7.421924,1.134119
2021-05-11,sz.001979,9.7476387,9.8823211,9.68871515,9.78972695,9.764474,8276652.0,96166671.12,0.2586,0.1045,7.441119,1.137052
2021-05-12,sz.001979,9.7981446,9.82339755,9.68871515,9.7139681,9.78972695,10123235.0,116968164.73,-0.7739,0.1278,7.383535,1.128253
2021-05-13,sz.001979,9.6971328,9.80656225,9.67187985,9.72238575,9.7139681,10627278.0,123018078.62,0.0867,0.1342,7.389933,1.12923
2021-05-14,sz.001979,9.72238575,9.8823211,9.72238575,9.8654858,9.72238575,10038651.0,116903325.24,1.4719,0.1267,7.498702,1.145851
2021-05-17,sz.001979,9.85706815,10.0506741,9.8318152,9.97491525,9.8654858,12123228.0,143578099.33,1.1092,0.153,7.581879,1.158561
2021-05-18,sz.001979,9.94124465,10.0001682,9.89073875,9.932827,9.97491525,8443446.0,99694340.87,-0.4219,0.1066,7.549888,1.153672
2021-05-19,sz.001979,9.92440935,9.932827,9.77289165,9.8318152,9.932827,7395537.0,86380002.89,-1.0169,0.0934,7.47311,1.14194
2021-05-20,sz.001979,9.77289165,9.8149799,9.6466269,9.67187985,9.8318152,17341184.0,199792353.95,-1.6267,0.2189,7.351544,1.123364
2021-05-21,sz.001979,9.68871515,9.72238575,9.60453865,9.6129563,9.67187985,9859522.0,113059009.18,-0.6092,0.1245,7.306756,1.11652
2021-05-24,sz.001979,9.6129563,9.67187985,9.5119445,9.62137395,9.6129563,11704214.0,133330484.64,0.0876,0.1477,7.313154,1.117498
2021-05-25,sz.001979,9.63820925,9.8654858,9.5792857,9.8318152,9.62137395,17134686.0,199008531.32,2.1872,0.2163,7.47311,1.14194
2021-05-26,sz.001979,9.8654858,10.0843447,9.8486505,10.0001682,9.8318152,19356012.0,229837347.55,1.7123,0.2443,7.601074,1.161494
2021-05-27,sz.001979,10.0170035,10.02542115,9.90757405,10.02542115,10.0001682,17743156.0,210040198.29,0.2525,0.224,7.620268,1.164427
2021-05-28,sz.001979,9.9496623,10.0170035,9.80656225,9.8318152,10.02542115,14031525.0,164417434.17,-1.9312,0.1771,7.47311,1.14194
2021-05-31,sz.001979,9.8318152,9.8486505,9.70555045,9.764474,9.8318152,9046584.0,104745417.08,-0.6849,0.1142,7.421924,1.134119
2021-06-01,sz.001979,9.7476387,9.82339755,9.70555045,9.7476387,9.764474,10493648.0,121366382.26,-0.1724,0.1325,7.409128,1.132163
2021-06-02,sz.001979,9.7476387,9.7813093,9.6634622,9.7308034,9.7476387,14118821.0,162940425.41,-0.1727,0.1782,7.396331,1.130208
2021-06-03,sz.001979,9.7308034,9.8318152,9.6466269,9.6466269,9.7308034,15968493.0,184352659.14,-0.8651,0.2016,7.332349,1.120431
2021-06-04,sz.001979,9.6802975,9.70555045,9.596121,9.62137395,9.6466269,12730408.0,145694238.95,-0.2618,0.1607,7.313154,1.117498
2021-06-07,sz.001979,9.6129563,9.6129563,9.52036215,9.52036215,9.62137395,14076369.0,159755835.62,-1.0499,0.1777,7.236376,1.105766
2021-06-08,sz.001979,9.53719745,9.5792857,9.50352685,9.5287798,9.52036215,14119070.0,159725786.2,0.0884,0.1782,7.242774,1.106743
2021-06-09,sz.001979,9.53719745,9.5792857,9.4951092,9.52036215,9.5287798,12067930.0,136607103.41,-0.0883,0.1523,7.236376,1.105766
2021-06-10,sz.001979,9.5119445,9.52036215,9.43618565,9.43618565,9.52036215,15068274.0,169440489.49,-0.8842,0.1902,7.172394,1.095989
2021-06-11,sz.001979,9.4446033,9.4782739,9.3772621,9.43618565,9.43618565,18157066.0,203337492.94,0.0,0.2292,7.172394,1.095989
2021-06-15,sz.001979,9.4446033,9.45302095,9.18365615,9.2257444,9.43618565,20253430.0,222843483.05,-2.2302,0.2557,7.012439,1.071547
2021-06-16,sz.001979,9.23416205,9.3604268,9.21732675,9.30150325,9.2257444,15593521.0,172165846.78,0.8212,0.1968,7.070022,1.080346
2021-06-17,sz.001979,9.259415,9.36884445,9.2089091,9.3435915,9.30150325,16714971.0,185218189.43,0.4525,0.211,7.102013,1.085234
2021-06-18,sz.001979,9.3435915,9.35200915,9.1415679,9.1584032,9.3435915,16262813.0,177714228.23,-1.982,0.2053,6.961253,1.063725
2021-06-21,sz.001979,9.14998555,9.3099209,9.091062,9.2930856,9.1584032,17684057.0,193007926.95,1.4706,0.2232,7.063624,1.079368
2021-06-22,sz.001979,9.28466795,9.36884445,9.23416205,9.28466795,9.2930856,10573099.0,116437698.92,-0.0906,0.1335,7.057226,1.07839
2021-06-23,sz.001979,9.26783265,9.3099209,9.2089091,9.2257444,9.28466795,9290719.0,101883879.03,-0.6346,0.1173,7.012439,1.071547
2021-06-24,sz.001979,9.2257444,9.26783265,9.1752385,9.2089091,9.2257444,8648952.0,94774178.5,-0.1825,0.1092,6.999642,1.069591
2021-06-25,sz.001979,9.21732675,9.2762503,9.1920738,9.2762503,9.2089091,8859944.0,97375557.85,0.7313,0.1118,7.050828,1.077413
2021-06-28,sz.001979,9.2762503,9.30150325,9.2089091,9.25099735,9.2762503,10265642.0,112712442.87,-0.2722,0.1296,7.031633,1.07448
2021-06-29,sz.001979,9.2762503,9.3604268,9.1920738,9.2089091,9.25099735,17133720.0,188891129.0,-0.455,0.2163,6.999642,1.069591
2021-06-30,sz.001979,9.21732675,9.28466795,9.16682085,9.21732675,9.2089091,10363965.0,113467412.05,0.0914,0.1308,7.00604,1.070569
2021-07-01,sz.001979,9.4109327,9.764474,9.36884445,9.6466269,9.21732675,40732226.0,464672716.26,4.6575,0.5142,7.332349,1.120431
2021-07-02,sz.001979,9.6466269,9.78972695,9.4782739,9.5287798,9.6466269,31387718.0,358407370.13,-1.2216,0.3962,7.242774,1.106743
2021-07-05,sz.001979,9.5624504,9.596121,9.3435915,9.427768,9.5287798,20418173.0,229170579.2,-1.0601,0.2578,7.165996,1.095011
2021-07-06,sz.001979,9.45302095,9.8823211,9.40251505,9.80656225,9.427768,46262394.0,533812387.8,4.0179,0.584,7.453915,1.139007
2021-07-07,sz.001979,9.82339755,9.8991564,9.58770335,9.6466269,9.80656225,29294430.0,337265231.98,-1.6309,0.3698,7.332349,1.120431
2021-07-08,sz.001979,9.6297916,9.67187985,9.3940974,9.46985625,9.6466269,31085985.0,349523117.45,-1.8325,0.3924,7.197987,1.0999
2021-07-09,sz.001979,9.43618565,9.55403275,9.3940974,9.50352685,9.46985625,20683722.0,232977075.34,0.3556,0.2611,7.223579,1.10381
2021-07-12,sz.001979,9.5624504,9.6129563,9.2930856,9.33517385,9.50352685,31319092.0,349919430.27,-1.7715,0.3954,7.095615,1.084257
2021-07-13,sz.001979,9.35200915,9.43618565,9.3099209,9.3435915,9.33517385,17308166.0,192458722.07,0.0902,0.2185,7.102013,1.085234
2021-07-14,sz.001979,9.3435915,9.3772621,9.23416205,9.26783265,9.3435915,20109654.0,221882223.53,-0.8108,0.2539,7.04443,1.076435
2021-07-15,sz.001979,9.26783265,9.3435915,9.2257444,9.31833855,9.26783265,16207321.0,179087137.24,0.545,0.2046,7.082819,1.082301
2021-07-16,sz.001979,9.28466795,9.3940974,9.2425797,9.38567975,9.31833855,22116389.0,244880252.96,0.7227,0.2792,7.134004,1.090123
2021-07-19,sz.001979,9.36884445,9.38567975,9.26783265,9.31833855,9.38567975,18366533.0,203120498.69,-0.7175,0.2319,7.082819,1.082301
2021-07-20,sz.001979,9.2762503,9.31833855,9.1752385,9.2762503,9.31833855,14146355.0,155107559.15,-0.4517,0.1786,7.050828,1.077413
2021-07-21,sz.001979,9.30150325,9.3604268,9.2762503,9.2930856,9.2762503,13318481.0,147214326.14,0.1815,0.1681,7.063624,1.079368
2021-07-22,sz.001979,9.30150325,9.427768,9.23416205,9.427768,9.2930856,20496825.0,227731106.45,1.4493,0.2587,7.165996,1.095011
2021-07-23,sz.001979,9.427768,9.427768,9.2762503,9.2930856,9.427768,16353196.0,180909418.14,-1.4286,0.2064,7.063624,1.079368
2021-07-26,sz.001979,9.26783265,9.26783265,9.09947965,9.1584032,9.2930856,21095161.0,228960277.62,-1.4493,0.2663,6.961253,1.063725
2021-07-27,sz.001979,9.13315025,9.1920738,8.76277365,8.8048619,9.1584032,32900771.0,346823157.93,-3.8603,0.4153,6.692528,1.022662
2021-07-28,sz.001979,8.78694453,8.82277305,8.62571619,8.65258758,8.80485879,26344053.0,255947960.06,-1.7294,0.3326,6.180671,0.944447
2021-07-29,sz.001979,8.6884161,8.73320175,8.5092735,8.52718776,8.65258758,19770700.0,189445418.55,-1.4493,0.2496,6.091096,0.930759
2021-07-30,sz.001979,8.49135924,8.5092735,8.31221664,8.38387368,8.52718776,15933468.0,149476606.64,-1.6807,0.2011,5.988725,0.915116
2021-08-02,sz.001979,8.33908803,8.49135924,8.07933126,8.42865933,8.38387368,25880249.0,239113513.1,0.5342,0.3267,6.020716,0.920005
2021-08-03,sz.001979,8.34804516,8.48240211,8.32117377,8.35700229,8.42865933,19018129.0,178239568.33,-0.8502,0.2401,5.96953,0.912183
2021-08-04,sz.001979,8.36595942,8.36595942,8.20473108,8.22264534,8.35700229,16814769.0,154813488.71,-1.6077,0.2123,5.873557,0.897518
2021-08-05,sz.001979,8.34804516,8.58988767,8.29430238,8.41074507,8.22264534,23124495.0,217962586.24,2.2876,0.2919,6.007919,0.91805
2021-08-06,sz.001979,8.29430238,8.35700229,8.21368821,8.30325951,8.41074507,21833148.0,202204853.27,-1.278,0.2756,5.931141,0.906317
2021-08-09,sz.001979,8.32117377,8.81381592,8.27638812,8.61675906,8.30325951,35755009.0,344263505.42,3.7756,0.4514,6.155078,0.940536
2021-08-10,sz.001979,8.60780193,8.70633036,8.49135924,8.64363045,8.61675906,16714412.0,160205160.1,0.3119,0.211,6.174273,0.943469
2021-08-11,sz.001979,8.78694453,9.30645807,8.78694453,9.14522973,8.64363045,58796514.0,601277091.79,5.8031,0.7422,6.532573,0.99822
2021-08-12,sz.001979,9.14522973,9.19001538,8.91234435,8.95713,9.14522973,24966393.0,250807698.57,-2.0568,0.3152,6.39821,0.977689
2021-08-13,sz.001979,8.91234435,8.99295852,8.83173018,8.93921574,8.95713,13414199.0,133471306.04,-0.2,0.1693,6.385414,0.975733
2021-08-16,sz.001979,8.93921574,9.24375816,8.91234435,9.16314399,8.93921574,26438490.0,270095011.89,2.505,0.3337,6.545369,1.000175
2021-08-17,sz.001979,9.11835834,9.35124372,9.06461556,9.15418686,9.16314399,25168746.0,258993885.03,-0.0978,0.3177,6.538971,0.999198
2021-08-18,sz.001979,9.10940121,9.29750094,8.97504426,9.23480103,9.15418686,21085575.0,214961192.04,0.8806,0.2662,6.596555,1.007997
2021-08-19,sz.001979,9.16314399,9.19897251,8.88547296,8.94817287,9.23480103,20002936.0,200953539.87,-3.1038,0.2525,6.391812,0.976711
2021-08-20,sz.001979,8.94817287,9.06461556,8.88547296,8.99295852,8.94817287,18318233.0,183485168.03,0.5005,0.2312,6.423803,0.981599
2021-08-23,sz.001979,9.01982991,9.11835834,8.97504426,9.02878704,8.99295852,12202721.0,123124420.18,0.3984,0.154,6.449396,0.98551
2021-08-24,sz.001979,9.0467013,9.35124372,9.02878704,9.3154152,9.02878704,35209136.0,363853890.86,3.1746,0.4445,5.28555,1.039474
2021-08-25,sz.001979,9.32437233,9.36915798,9.10044408,9.16314399,9.3154152,22099260.0,227351661.65,-1.6346,0.279,5.199152,1.022483
2021-08-26,sz.001979,9.11835834,9.19897251,8.98400139,9.03774417,9.16314399,20229437.0,204635047.41,-1.3685,0.2554,5.128,1.00849
2021-08-27,sz.001979,8.97504426,9.01087278,8.92130148,8.99295852,9.03774417,13826135.0,138256202.8,-0.4955,0.1745,5.102589,1.003492
2021-08-30,sz.001979,8.97504426,8.97504426,8.60780193,8.76903027,8.99295852,28873666.0,282562861.8,-2.49,0.3645,4.975532,0.978505
2021-08-31,sz.001979,8.72424462,9.01982991,8.70633036,8.92130148,8.76903027,40348868.0,399883862.65,1.7365,0.5093,5.061931,0.995496
2021-09-01,sz.001979,8.84068731,9.4049865,8.81381592,9.3154152,8.92130148,51387279.0,532371470.33,4.4177,0.6487,5.28555,1.039474
2021-09-02,sz.001979,9.28854381,9.43185789,9.25271529,9.34228659,9.3154152,28133838.0,293413879.99,0.2885,0.3551,5.300797,1.042472
2021-09-03,sz.001979,9.27062955,9.42290076,9.16314399,9.38707224,9.34228659,25680496.0,267448786.52,0.4794,0.3242,5.326208,1.04747
2021-09-06,sz.001979,9.45872928,9.53038632,9.24375816,9.27958668,9.38707224,29391126.0,305762819.01,-1.145,0.371,5.265221,1.035476
2021-09-07,sz.001979,9.6737004,9.83492874,9.36915798,9.53038632,9.27958668,64770945.0,690048836.74,2.7027,0.8176,5.407524,1.063462
2021-09-08,sz.001979,9.4945578,9.4945578,9.30645807,9.36915798,9.53038632,29509412.0,309540307.08,-1.6917,0.3725,5.316044,1.045471
2021-09-09,sz.001979,9.34228659,9.38707224,9.2258439,9.35124372,9.36915798,23016421.0,239078697.11,-0.1912,0.2905,5.305879,1.043472
2021-09-10,sz.001979,9.3154152,9.5841291,9.3154152,9.33332946,9.35124372,29244576.0,308075698.73,-0.1916,0.3692,5.295715,1.041473
2021-09-13,sz.001979,9.33332946,9.75431457,9.23480103,9.61995762,9.33332946,43350568.0,464789029.36,3.071,0.5472,5.458347,1.073457
2021-09-14,sz.001979,9.65578614,9.71848605,9.26167242,9.27958668,9.61995762,36113771.0,380442681.38,-3.5382,0.4559,5.265221,1.035476
2021-09-15,sz.001979,9.24375816,9.59308623,9.1362726,9.59308623,9.27958668,50160866.0,530908934.15,3.3784,0.6332,5.4431,1.070458
2021-09-16,sz.001979,9.53934345,9.66474327,9.38707224,9.42290076,9.59308623,30357100.0,322052260.02,-1.774,0.3832,5.346537,1.051468
2021-09-17,sz.001979,9.36020085,9.7632717,9.36020085,9.59308623,9.42290076,42929282.0,460950785.2,1.8061,0.5419,5.4431,1.070458
2021-09-22,sz.001979,9.41394363,10.55149914,9.38707224,10.55149914,9.59308623,116907166.0,1349120109.18,9.9907,1.4758,5.986902,1.177404
2021-09-23,sz.001979,10.748556,11.51886918,10.748556,11.07101268,10.55149914,156945355.0,1946299467.62,4.9236,1.9812,6.281673,1.235375
2021-09-24,sz.001979,11.05309842,11.33972658,10.80229878,10.99039851,11.07101268,79824582.0,985260203.12,-0.7282,1.0077,6.235933,1.226379
2021-09-27,sz.001979,10.88291295,11.21432676,10.32757089,10.82021304,10.99039851,74389673.0,894769325.62,-1.5485,0.9391,6.13937,1.207389
2021-09-28,sz.001979,11.0172699,11.77862595,11.0172699,11.52782631,10.82021304,74957118.0,959912438.23,6.5397,0.9462,6.540868,1.286349
2021-09-29,sz.001979,11.52782631,11.80549734,11.2859838,11.53678344,11.52782631,72671968.0,938027947.28,0.0777,0.9174,6.545951,1.287348
2021-09-30,sz.001979,11.66218326,12.1816968,11.36659797,11.59052622,11.53678344,76016837.0,999255178.97,0.4658,0.9596,6.576444,1.293345
2021-10-08,sz.001979,11.83236873,11.9129829,11.3755551,11.58156909,11.59052622,53538230.0,694156187.79,-0.0773,0.6758,6.571362,1.292346
2021-10-11,sz.001979,11.5546977,12.01151133,11.45616927,11.49199779,11.58156909,53402565.0,695579167.14,-0.7734,0.6741,6.520539,1.282351
2021-10-12,sz.001979,11.51886918,11.99359707,11.3755551,11.48304066,11.49199779,66672451.0,871228880.19,-0.0779,0.8416,6.515457,1.281352
2021-10-13,sz.001979,11.4651264,11.71592604,11.07996981,11.44721214,11.48304066,64254284.0,818171794.39,-0.312,0.8111,6.495128,1.277354
2021-10-14,sz.001979,11.49199779,11.5546977,10.71272748,10.85604156,11.44721214,56599982.0,694557871.99,-5.1643,0.7145,6.159699,1.211387
2021-10-15,sz.001979,10.90082721,11.1068412,10.70377035,10.78438452,10.85604156,41282949.0,500130797.39,-0.6601,0.5211,6.119041,1.203391
2021-10-18,sz.001979,10.67689896,10.80229878,10.41714219,10.72168461,10.78438452,49034623.0,581354363.37,-0.5814,0.619,6.083465,1.196395
2021-10-19,sz.001979,10.68585609,10.86499869,10.37235654,10.65002757,10.72168461,35879669.0,424227166.23,-0.6683,0.4529,6.042807,1.188399
2021-10-20,sz.001979,10.57837053,10.748556,10.42609932,10.49775636,10.65002757,30909768.0,363060393.94,-1.4298,0.3902,5.956408,1.171407
2021-10-21,sz.001979,10.65002757,10.84708443,10.40818506,10.69481322,10.49775636,47460847.0,566210242.0,1.8771,0.5991,6.068218,1.193396
2021-10-22,sz.001979,10.82917017,11.20536963,10.44401358,10.52462775,10.69481322,65809063.0,789534507.09,-1.5913,0.8307,5.971655,1.174406
2021-10-25,sz.001979,10.06781412,10.6589847,9.98719995,10.28278524,10.52462775,55952373.0,643171664.53,-2.2979,0.7063,5.834434,1.147419
2021-10-26,sz.001979,10.44401358,10.44401358,10.05885699,10.11259977,10.28278524,31903201.0,362134651.73,-1.6551,0.4027,5.737871,1.128429
2021-10-27,sz.001979,10.16634255,10.20217107,9.89762865,10.0319856,10.11259977,28828292.0,322617104.0,-0.7972,0.3639,5.692131,1.119433
2021-10-28,sz.001979,9.9424143,10.0319856,9.75431457,9.81701448,10.0319856,36220760.0,398676943.83,-2.1429,0.4572,5.291133,1.072477
2021-10-29,sz.001979,9.81701448,9.852843,9.25271529,9.34228659,9.81701448,74563456.0,783012697.56,-4.8358,0.9413,5.035266,1.020615
2021-11-01,sz.001979,9.33332946,9.33332946,8.94817287,8.99295852,9.34228659,60026516.0,607727792.62,-3.7392,0.7577,4.846987,0.982452
2021-11-02,sz.001979,9.09148695,9.09148695,8.55405915,8.64363045,8.99295852,70806066.0,694065847.74,-3.8845,0.8938,4.658708,0.944289
2021-11-03,sz.001979,8.66154471,8.93025861,8.50031637,8.81381592,8.64363045,48981073.0,480653037.9,1.9689,0.6183,4.750433,0.962881
2021-11-04,sz.001979,8.80485879,8.80485879,8.5988448,8.67050184,8.81381592,34827337.0,336944731.14,-1.626,0.4396,4.673191,0.947224
2021-11-05,sz.001979,8.6884161,8.70633036,8.48240211,8.51823063,8.67050184,38332668.0,365214662.98,-1.7562,0.4839,4.59112,0.930589
2021-11-08,sz.001979,8.54510202,8.5988448,8.4197022,8.43761646,8.51823063,32029256.0,303839853.64,-0.9464,0.4043,4.547671,0.921782
2021-11-09,sz.001979,8.43761646,8.52718776,8.38387368,8.43761646,8.43761646,31244525.0,294605657.06,0.0,0.3944,4.547671,0.921782
2021-11-10,sz.001979,8.48240211,8.90338722,8.37491655,8.84964444,8.43761646,92233073.0,892531284.21,4.8832,1.1643,4.769744,0.966795
2021-11-11,sz.001979,8.92130148,9.73640031,8.88547296,9.73640031,8.84964444,95698667.0,1014427776.88,10.0202,1.2081,5.247684,1.06367
2021-11-12,sz.001979,9.93345717,10.23799959,9.55725771,9.98719995,9.73640031,154173954.0,1711920559.82,2.5759,1.9462,5.382859,1.091069
2021-11-15,sz.001979,9.91554291,9.96928569,9.54830058,9.79910022,9.98719995,59684702.0,647630409.28,-1.8834,0.7534,5.281478,1.07052
2021-11-16,sz.001979,9.65578614,9.97824282,9.64682901,9.82597161,9.79910022,42211972.0,464454384.74,0.2742,0.5329,5.295961,1.073456
2021-11-17,sz.001979,9.79910022,9.92450004,9.69161466,9.82597161,9.82597161,28676865.0,313818612.01,0.0,0.362,5.295961,1.073456
2021-11-18,sz.001979,9.86180013,9.98719995,9.62891475,9.69161466,9.82597161,32306614.0,352232444.85,-1.3674,0.4078,5.223546,1.058778
2021-11-19,sz.001979,9.66474327,10.6589847,9.62891475,10.30965663,9.69161466,111346419.0,1275147698.46,6.3771,1.4056,5.556655,1.126297
2021-11-22,sz.001979,10.2111282,10.2111282,9.852843,9.9424143,10.30965663,44238328.0,492351132.27,-3.5621,0.5584,5.358721,1.086177
2021-11-23,sz.001979,9.9424143,10.43505645,9.87971439,10.22008533,9.9424143,41878026.0,476122109.36,2.7928,0.5286,5.508379,1.116511
2021-11-24,sz.001979,10.18425681,10.9276986,10.13947116,10.82021304,10.22008533,78989340.0,949051880.85,5.872,0.9971,5.831833,1.182073
2021-11-25,sz.001979,10.80229878,10.9276986,10.59628479,10.66794183,10.82021304,23416018.0,279398195.81,-1.4073,0.2956,5.749763,1.165438
2021-11-26,sz.001979,10.63211331,10.88291295,10.34548515,10.6589847,10.66794183,36737879.0,434037176.5,-0.084,0.4638,5.744935,1.16446
2021-11-29,sz.001979,10.43505645,10.62315618,10.37235654,10.43505645,10.6589847,25729139.0,301171160.95,-2.1008,0.3248,5.624243,1.139996
2021-11-30,sz.001979,10.3902708,10.50671349,10.1215569,10.25591385,10.43505645,41733670.0,478054802.97,-1.7167,0.5268,5.527689,1.120425
2021-12-01,sz.001979,10.2111282,10.85604156,10.2111282,10.79334165,10.25591385,54135349.0,645507158.89,5.2402,0.6834,5.81735,1.179138
2021-12-02,sz.001979,10.64107044,11.07996981,10.59628479,10.9276986,10.79334165,46977751.0,569104871.6,1.2448,0.593,5.889765,1.193816
2021-12-03,sz.001979,10.81125591,11.24119815,10.79334165,11.09788407,10.9276986,39284395.0,485628635.14,1.5574,0.4959,5.981491,1.212408
2021-12-06,sz.001979,11.50991205,12.0025542,11.20536963,11.22328389,11.09788407,82836489.0,1061010037.17,1.1299,1.0457,6.049078,1.226108
2021-12-07,sz.001979,11.63531187,11.87715438,11.16058398,11.22328389,11.22328389,59194158.0,761125337.68,0.0,0.7472,6.049078,1.226108
2021-12-08,sz.001979,11.29494093,11.48304066,10.82917017,11.44721214,11.22328389,50602708.0,630710742.51,1.9952,0.6388,6.16977,1.250571
2021-12-09,sz.001979,11.4651264,11.89506864,11.42034075,11.70696891,11.44721214,54512285.0,709954670.21,2.2692,0.6881,6.309773,1.278949
2021-12-10,sz.001979,11.5546977,11.65322613,11.24119815,11.30389806,11.70696891,37368524.0,475793740.64,-3.443,0.4717,6.092528,1.234914
2021-12-13,sz.001979,11.29494093,11.44721214,11.12475546,11.23224102,11.30389806,42000321.0,529199210.79,-0.6339,0.5302,6.053906,1.227086
2021-12-14,sz.001979,11.04414129,11.1964125,10.80229878,11.12475546,11.23224102,43155260.0,529680638.94,-0.9569,0.5448,5.995974,1.215344
2021-12-15,sz.001979,11.06205555,11.50095492,11.0172699,11.21432676,11.12475546,27508080.0,346833650.25,0.8052,0.3472,6.044251,1.225129
2021-12-16,sz.001979,11.13371259,11.29494093,10.96352712,11.23224102,11.21432676,24332846.0,304085197.18,0.1597,0.3072,6.053906,1.227086
2021-12-17,sz.001979,11.32181232,11.43825501,11.05309842,11.20536963,11.23224102,26857535.0,337412046.05,-0.2392,0.339,6.039423,1.22415
2021-12-20,sz.001979,11.2859838,11.61739761,11.17849824,11.35764084,11.20536963,39447319.0,503455246.39,1.3589,0.498,6.121494,1.240786
2021-12-21,sz.001979,11.39346936,11.86819725,11.39346936,11.75175456,11.35764084,53035051.0,694199983.6,3.47,0.6695,6.333911,1.283841
2021-12-22,sz.001979,11.68905465,11.8234116,11.4651264,11.644269,11.75175456,40375473.0,525261715.31,-0.9146,0.5097,6.275979,1.272099
2021-12-23,sz.001979,11.68905465,11.77862595,11.3755551,11.47408353,11.644269,25794702.0,331465002.94,-1.4615,0.3256,6.184253,1.253507
2021-12-24,sz.001979,11.42929788,11.77862595,11.21432676,11.63531187,11.47408353,29054638.0,373959819.23,1.4052,0.3668,6.271152,1.27112
2021-12-27,sz.001979,11.59948335,12.13691115,11.59948335,11.80549734,11.63531187,37523643.0,499211326.18,1.4627,0.4737,6.362877,1.289712
2021-12-28,sz.001979,11.70696891,11.86819725,11.42034075,11.79654021,11.80549734,36750644.0,478478593.46,-0.0759,0.4639,6.35805,1.288734
2021-12-29,sz.001979,11.79654021,11.85924012,11.57261196,11.63531187,11.79654021,19923172.0,260089685.27,-1.3667,0.2515,6.271152,1.27112
2021-12-30,sz.001979,11.60844048,11.71592604,11.4651264,11.59948335,11.63531187,20586195.0,266508243.49,-0.3079,0.2599,6.251841,1.267206
2021-12-31,sz.001979,11.42034075,12.13691115,11.42034075,11.94881142,11.59948335,38698017.0,514872624.64,3.0116,0.4885,6.44012,1.305369
2022-01-04,sz.001979,11.86819725,12.10108263,11.74279743,11.95776855,11.94881142,27837458.0,370676220.95,0.075,0.3514,6.444948,1.306348
2022-01-05,sz.001979,11.95776855,12.62059617,11.92194003,12.07421124,11.95776855,52640590.0,718920292.37,0.9738,0.6645,6.507708,1.319069
2022-01-06,sz.001979,11.94881142,12.16378254,11.76966882,11.99359707,12.07421124,35096826.0,467726930.4,-0.6677,0.443,6.464259,1.310262
2022-01-07,sz.001979,11.9129829,12.77286738,11.9129829,12.64746756,11.99359707,54012285.0,757829362.89,5.4518,0.6818,6.816679,1.381695
2022-01-10,sz.001979,12.539982,12.78182451,12.21752532,12.61163904,12.64746756,54917684.0,767366626.23,-0.2833,0.6933,6.797368,1.377781
2022-01-11,sz.001979,12.57581052,13.46256639,12.539982,12.85348155,12.61163904,71082841.0,1030552175.35,1.9176,0.8973,6.927716,1.404201
2022-01-12,sz.001979,12.70121034,12.70121034,12.17273967,12.55789626,12.85348155,39120183.0,543319246.96,-2.2997,0.4938,6.768402,1.37191
2022-01-13,sz.001979,12.539982,12.78182451,11.77862595,11.83236873,12.55789626,57742786.0,782270053.1,-5.7775,0.7289,6.37736,1.292648
2022-01-14,sz.001979,11.83236873,11.84132586,11.31285519,11.50095492,11.83236873,63877404.0,823417026.9,-2.8009,0.8064,6.198736,1.256442
2022-01-17,sz.001979,11.50991205,11.90402577,11.47408353,11.7338403,11.50095492,34237185.0,449084864.61,2.0249,0.4322,6.324256,1.281884
2022-01-18,sz.001979,11.68905465,12.6295533,11.68009752,12.32501088,11.7338403,43157115.0,587572732.35,5.0382,0.5448,6.642883,1.346468
2022-01-19,sz.001979,12.67433895,12.91618146,12.2712681,12.41458218,12.32501088,41719959.0,584431598.14,0.7267,0.5267,6.691159,1.356253
2022-01-20,sz.001979,12.63851043,12.88035294,12.2712681,12.3608394,12.41458218,50023260.0,699282568.32,-0.4329,0.6315,6.662193,1.350382
2022-01-21,sz.001979,12.36979653,12.50415348,11.99359707,12.24439671,12.3608394,30776329.0,417801601.31,-0.942,0.3885,6.599434,1.337661
2022-01-24,sz.001979,12.30709662,12.56685339,11.90402577,12.49519635,12.24439671,29084584.0,400283092.36,2.0483,0.3671,6.734608,1.36506
2022-01-25,sz.001979,12.3608394,12.48623922,12.0025542,12.06525411,12.49519635,21728519.0,297108936.61,-3.4409,0.2743,6.50288,1.31809
2022-01-26,sz.001979,12.34292514,12.34292514,11.79654021,12.0025542,12.06525411,22668181.0,303701896.21,-0.5197,0.2862,6.469086,1.31124
2022-01-27,sz.001979,11.9129829,12.40562505,11.85028299,12.15482541,12.0025542,32211654.0,438979123.78,1.2687,0.4066,6.551157,1.327875
2022-01-28,sz.001979,12.19065393,12.39666792,11.97568281,12.13691115,12.15482541,26805616.0,365133576.88,-0.1474,0.3384,6.541501,1.325918
2022-02-07,sz.001979,12.13691115,12.63851043,12.0921255,12.56685339,12.13691115,37777781.0,522842021.29,3.5424,0.4769,6.77323,1.372888
2022-02-08,sz.001979,12.539982,12.71016747,12.39666792,12.48623922,12.56685339,23526232.0,328487710.87,-0.6415,0.297,6.729781,1.364081
2022-02-09,sz.001979,12.53102487,12.90722433,12.43249644,12.70121034,12.48623922,35473523.0,506127171.47,1.7217,0.4478,6.845645,1.387566
2022-02-10,sz.001979,12.56685339,12.90722433,12.1816968,12.77286738,12.70121034,32431820.0,457595057.29,0.5642,0.4094,6.884266,1.395395
2022-02-11,sz.001979,12.78182451,13.00575276,12.539982,12.69225321,12.77286738,26059673.0,373673849.25,-0.6311,0.329,6.840817,1.386588
2022-02-14,sz.001979,12.53102487,12.63851043,11.88611151,12.39666792,12.69225321,49692964.0,674607069.25,-2.3289,0.6273,6.681504,1.354296
2022-02-15,sz.001979,12.32501088,12.68329608,12.19065393,12.28918236,12.39666792,30882513.0,425747866.37,-0.8671,0.3898,6.623572,1.342554
2022-02-16,sz.001979,12.32501088,12.58476765,12.03838272,12.3608394,12.28918236,21023973.0,290577298.73,0.5831,0.2654,6.662193,1.350382
2022-02-17,sz.001979,12.36979653,12.38771079,12.02942559,12.07421124,12.3608394,16670738.0,226022820.63,-2.3188,0.2104,6.507708,1.319069
2022-02-18,sz.001979,12.07421124,12.79078164,12.02046846,12.76391025,12.07421124,42767968.0,601161091.44,5.7122,0.5399,6.879439,1.394416
2022-02-21,sz.001979,12.7191246,12.8086959,12.41458218,12.63851043,12.76391025,27168543.0,382120714.13,-0.9825,0.343,6.811851,1.380716
2022-02-22,sz.001979,12.56685339,12.85348155,12.33396801,12.70121034,12.63851043,26777466.0,377297766.7,0.4961,0.338,6.845645,1.387566
2022-02-23,sz.001979,12.58476765,12.67433895,12.23543958,12.40562505,12.70121034,35854449.0,494776701.0,-2.3272,0.4526,6.686332,1.355274
2022-02-24,sz.001979,12.2712681,12.539982,12.04733985,12.37875366,12.40562505,43841819.0,603087434.52,-0.2166,0.5534,10.556935,1.352339
2022-02-25,sz.001979,12.3608394,12.8086959,12.03838272,12.21752532,12.37875366,35129908.0,481822145.3,-1.3025,0.4435,10.419435,1.334725
2022-02-28,sz.001979,12.06525411,12.23543958,11.89506864,12.13691115,12.21752532,31875117.0,428866592.0,-0.6598,0.4024,10.350685,1.325918
2022-03-01,sz.001979,12.03838272,12.52206774,12.03838272,12.46832496,12.13691115,34660163.0,476723504.0,2.7306,0.4375,10.633324,1.362124
2022-03-02,sz.001979,12.51311061,12.8086959,12.34292514,12.58476765,12.46832496,31191841.0,438561008.0,0.9339,0.3938,10.732629,1.374845
2022-03-03,sz.001979,12.53102487,13.22968101,12.49519635,13.06845267,12.58476765,56858441.0,825702064.0,3.8434,0.7178,11.145129,1.427686
2022-03-04,sz.001979,13.06845267,13.21176675,12.82661016,13.05949554,13.06845267,26418428.0,384049056.0,-0.0685,0.3335,11.13749,1.426708
2022-03-07,sz.001979,13.14906684,13.51630917,13.04158128,13.20280962,13.05949554,41375419.0,614840976.0,1.0974,0.5223,11.259712,1.442364
2022-03-08,sz.001979,13.09532406,13.35508083,12.9878385,13.0774098,13.20280962,29894843.0,439766736.0,-0.9498,0.3774,11.152768,1.428665
2022-03-09,sz.001979,13.1669811,13.18489536,12.1816968,12.6295533,13.0774098,37673810.0,534923872.0,-3.4247,0.4756,10.770824,1.379738
2022-03-10,sz.001979,12.88931007,12.8982672,12.47728209,12.50415348,12.6295533,33463115.0,472563616.0,-0.9929,0.4224,10.663879,1.366038
2022-03-11,sz.001979,12.34292514,12.8086959,12.04733985,12.72808173,12.50415348,33889546.0,475160544.0,1.7908,0.4278,10.854851,1.390502
2022-03-14,sz.001979,12.72808173,13.435695,12.539982,12.71016747,12.72808173,35262482.0,513128352.0,-0.1407,0.4451,10.839574,1.388545
2022-03-15,sz.001979,12.62059617,12.71016747,11.43825501,11.43825501,12.71016747,78306518.0,1039428240.0,-10.007,0.9885,9.754852,1.249592
2022-03-16,sz.001979,11.1964125,12.0921255,10.73959887,11.83236873,11.43825501,73087367.0,933961200.0,3.4456,0.9226,10.090963,1.292648
2022-03-17,sz.001979,12.16378254,12.34292514,11.81445447,11.99359707,11.83236873,50844508.0,683792768.0,1.3626,0.6418,10.228463,1.310262
2022-03-18,sz.001979,11.80549734,12.7191246,11.7338403,12.51311061,11.99359707,44711842.0,609196672.7,4.3316,0.5644,10.671518,1.367017
2022-03-21,sz.001979,12.24439671,12.38771079,11.77862595,12.10108263,12.51311061,40111871.0,541782754.57,-3.2928,0.5064,10.32013,1.322004
2022-03-22,sz.001979,12.03838272,12.79078164,11.87715438,12.58476765,12.10108263,59320950.0,831764153.35,3.997,0.7488,10.732629,1.316282
2022-03-23,sz.001979,12.48623922,13.435695,12.41458218,13.03262415,12.58476765,56768158.0,821327541.16,3.5587,0.7166,11.114573,1.363124
2022-03-24,sz.001979,12.79078164,13.13115258,12.76391025,12.91618146,13.03262415,32368134.0,467482322.32,-0.8935,0.4086,11.015268,1.350945
2022-03-25,sz.001979,12.91618146,13.14906684,12.63851043,12.79078164,12.91618146,22922298.0,328462373.77,-0.9709,0.2894,10.908324,1.337829
2022-03-28,sz.001979,12.77286738,13.435695,12.7191246,13.13115258,12.79078164,28067101.0,410794756.57,2.6611,0.3543,11.198601,1.37343
2022-03-29,sz.001979,13.06845267,13.22072388,12.79078164,12.99679563,13.13115258,23192458.0,337102525.53,-1.0232,0.2928,11.084018,1.359377
2022-03-30,sz.001979,13.04158128,13.75815168,13.01470989,13.47152352,12.99679563,53445106.0,801028060.77,3.6527,0.6747,11.488879,1.40903
2022-03-31,sz.001979,13.41778074,13.8835515,13.3461237,13.57900908,13.47152352,47369921.0,721033790.66,0.7979,0.598,11.580545,1.420272
2022-04-01,sz.001979,13.45360926,13.9731228,13.21176675,13.87459437,13.57900908,61029670.0,928517134.18,2.1768,0.7704,11.832628,1.451189
2022-04-06,sz.001979,14.32245087,14.85092154,13.82980872,14.58220764,13.87459437,82381231.0,1328091200.07,5.1001,1.04,12.4361,1.5252
2022-04-07,sz.001979,14.1522654,14.55533625,13.92833715,14.03582271,14.58220764,47743598.0,756882635.39,-3.7469,0.6027,11.970128,1.468052
2022-04-08,sz.001979,14.14330827,14.85987867,13.59692334,14.58220764,14.03582271,53656114.0,855224519.33,3.8928,0.6773,12.4361,1.5252
2022-04-11,sz.001979,14.331408,14.7792645,13.98207993,14.57325051,14.58220764,55233055.0,894816620.69,-0.0614,0.6972,12.428461,1.524263
2022-04-12,sz.001979,14.4209793,14.73447885,13.73128029,14.01790845,14.57325051,46550839.0,736249589.09,-3.8107,0.5876,11.95485,1.466178
2022-04-13,sz.001979,13.94625141,14.52846486,13.435695,14.11643688,14.01790845,41365961.0,649992766.89,0.7029,0.5222,12.038878,1.476484
2022-04-14,sz.001979,14.11643688,15.20024961,13.98207993,14.93153571,14.11643688,66457985.0,1089326879.9,5.7741,0.8389,12.734016,1.561738
2022-04-15,sz.001979,14.71656459,15.8541201,14.71656459,15.23607813,14.93153571,67514126.0,1163074652.21,2.0396,0.8523,12.993738,1.593591
2022-04-18,sz.001979,15.11963544,15.37043508,14.5105506,14.58220764,15.23607813,33748340.0,561227723.26,-4.2916,0.426,12.4361,1.5252
2022-04-19,sz.001979,14.57325051,14.9584071,14.19705105,14.58220764,14.58220764,35359273.0,572858465.88,0.0,0.4464,12.4361,1.5252
2022-04-20,sz.001979,14.47472208,14.64490755,13.5252663,13.74023742,14.58220764,56278704.0,875010678.28,-5.774,0.7104,11.718045,1.437136
2022-04-21,sz.001979,13.64170899,14.2418367,13.6148376,13.77606594,13.74023742,40750132.0,631674374.6,0.2608,0.5144,11.748601,1.440883
2022-04-22,sz.001979,13.6148376,14.61803616,13.39090935,14.58220764,13.77606594,58382438.0,930885356.88,5.8518,0.737,12.4361,1.5252
2022-04-25,sz.001979,14.34036513,14.7792645,13.93729428,14.02686558,14.58220764,34669068.0,556405105.26,-3.8084,0.4377,11.962489,1.467115
2022-04-26,sz.001979,14.02686558,14.6001219,13.90146576,14.25079383,14.02686558,39966817.0,634790298.54,1.5964,0.5045,12.153461,1.490537
2022-04-27,sz.001979,14.16122253,14.46576495,13.39090935,13.85668011,14.25079383,49733500.0,767858458.96,-2.7656,0.6278,11.81735,1.449315
2022-04-28,sz.001979,13.65962325,14.40306504,13.50735204,14.1522654,13.85668011,58575670.0,917561663.76,2.1332,0.7394,12.337942,1.478463
2022-04-29,sz.001979,14.05373697,14.72552172,13.435695,14.03582271,14.1522654,67986183.0,1061841903.92,-0.8228,0.8582,12.236428,1.466298
2022-05-05,sz.001979,14.07165123,14.41202217,12.67433895,13.1669811,14.03582271,87075668.0,1281650734.77,-6.1902,1.0992,11.478972,1.375532
2022-05-06,sz.001979,12.73703886,13.12219545,12.16378254,12.34292514,13.1669811,54002948.0,756347368.27,-6.2585,0.6817,10.76056,1.289444
2022-05-09,sz.001979,12.25335384,12.58476765,12.11899689,12.40562505,12.34292514,31113047.0,429440544.92,0.508,0.3928,10.815222,1.295994
2022-05-10,sz.001979,12.15482541,12.4504107,11.84132586,12.30709662,12.40562505,63337780.0,855532509.96,-0.7942,0.7996,10.729325,1.285701
2022-05-11,sz.001979,12.29813949,12.52206774,11.74279743,11.87715438,12.30709662,77431878.0,1030266775.65,-3.4934,0.9774,10.354501,1.240786
2022-05-12,sz.001979,11.76071169,11.94881142,11.4651264,11.65322613,11.87715438,49682757.0,646917904.8,-1.8854,0.6271,10.15928,1.217392
2022-05-13,sz.001979,11.644269,12.21752532,11.58156909,12.11003976,11.65322613,63857944.0,852363393.44,3.9201,0.8061,10.55753,1.265115
2022-05-16,sz.001979,12.41458218,12.59372478,11.89506864,12.30709662,12.11003976,65441602.0,897069458.7,1.6272,0.8261,10.729325,1.285701
2022-05-17,sz.001979,12.17273967,12.59372478,12.02942559,12.1816968,12.30709662,44516062.0,609009738.91,-1.0189,0.5619,10.620001,1.272601
2022-05-18,sz.001979,12.1816968,12.38771079,11.89506864,12.15482541,12.1816968,34511349.0,465873300.47,-0.2206,0.4356,10.596575,1.269793
2022-05-19,sz.001979,11.9129829,12.32501088,11.87715438,12.21752532,12.15482541,31426155.0,427076933.39,0.5158,0.3967,10.651236,1.276344
2022-05-20,sz.001979,12.34292514,12.39666792,11.51886918,11.93089716,12.21752532,90703620.0,1202519281.28,-2.346,1.1449,10.401354,1.2464
2022-05-23,sz.001979,11.79654021,11.9129829,11.20536963,11.33076945,11.93089716,79148388.0,1011575768.52,-5.03,0.9991,9.878163,1.183706
2022-05-24,sz.001979,11.36659797,11.85028299,11.25911241,11.59948335,11.33076945,66494754.0,859286854.86,2.3715,0.8393,10.112427,1.211778
2022-05-25,sz.001979,11.49199779,11.76966882,11.33076945,11.61739761,11.59948335,28848001.0,371355845.57,0.1544,0.3641,10.128045,1.213649
2022-05-26,sz.001979,11.62635474,11.95776855,11.54574057,11.76071169,11.61739761,49649594.0,652399767.52,1.2336,0.6267,10.252986,1.228621
2022-05-27,sz.001979,11.76071169,11.76071169,11.42929788,11.57261196,11.76071169,35582634.0,459403543.38,-1.5994,0.4492,10.089001,1.208971
2022-05-30,sz.001979,11.50991205,11.644269,11.1964125,11.2859838,11.57261196,42142572.0,534161574.78,-2.4768,0.532,9.839119,1.179027
2022-05-31,sz.001979,11.24119815,11.42034075,11.00831277,11.1964125,11.2859838,66150254.0,823901109.94,-0.7937,0.835,9.76103,1.16967
2022-06-01,sz.001979,11.15162685,11.48304066,11.08892694,11.38451223,11.1964125,44993396.0,569348256.8,1.68,0.5679,9.925016,1.18932
2022-06-02,sz.001979,11.3755551,11.44721214,11.12475546,11.21432676,11.38451223,34526833.0,433987991.82,-1.4949,0.4358,9.776648,1.171541
2022-06-06,sz.001979,11.1068412,11.1068412,10.6589847,10.90082721,11.21432676,85400787.0,1028283824.43,-2.7955,1.078,9.503339,1.13879
2022-06-07,sz.001979,10.8381273,11.06205555,10.80229878,11.03518416,10.90082721,42384762.0,518871527.16,1.2325,0.535,9.620472,1.152826
2022-06-08,sz.001979,10.9276986,11.0172699,10.73959887,10.98144138,11.03518416,38293731.0,465717487.28,-0.487,0.4834,9.573619,1.147212
2022-06-09,sz.001979,10.98144138,11.33972658,10.91874147,11.23224102,10.98144138,41526014.0,520232194.73,2.2838,0.5242,9.792266,1.173413
2022-06-10,sz.001979,11.23224102,11.26806954,10.9276986,11.07101268,11.23224102,45760772.0,564542592.55,-1.4354,0.5776,9.651707,1.156569
2022-06-13,sz.001979,10.96352712,11.00831277,10.37235654,10.4798421,11.07101268,69077636.0,814703792.22,-5.3398,0.872,9.136324,1.094811
2022-06-14,sz.001979,10.35444228,10.67689896,10.29174237,10.63211331,10.4798421,48574409.0,572809366.81,1.453,0.6131,9.269074,1.110718
2022-06-15,sz.001979,10.64107044,11.33972658,10.54254201,11.06205555,10.63211331,80258464.0,992527158.24,4.0438,1.0131,9.643898,1.155634
2022-06-16,sz.001979,11.05309842,11.23224102,10.90978434,11.0172699,11.06205555,53608869.0,661089629.34,-0.4049,0.6767,9.604854,1.150955
2022-06-17,sz.001979,10.94561286,11.14266972,10.87395582,10.93665573,11.0172699,47804511.0,586154944.65,-0.7317,0.6034,9.534574,1.142533
2022-06-20,sz.001979,11.06205555,11.3755551,10.85604156,11.15162685,10.93665573,68694600.0,855199605.49,1.9656,0.8671,9.721986,1.164991
2022-06-21,sz.001979,11.1068412,11.62635474,11.08892694,11.23224102,11.15162685,69860546.0,888895712.77,0.7229,0.8818,9.792266,1.173413
2022-06-22,sz.001979,11.27702667,11.41138362,10.99935564,11.0172699,11.23224102,31535897.0,392701001.92,-1.9139,0.4075,9.381627,1.124206
2022-06-23,sz.001979,11.06205555,11.4651264,10.89187008,11.3755551,11.0172699,48733637.0,614316123.32,3.252,0.6298,9.686721,1.160765
2022-06-24,sz.001979,11.3755551,11.49199779,11.13371259,11.24119815,11.3755551,36084321.0,452208691.45,-1.1811,0.4663,9.572311,1.147055
2022-06-27,sz.001979,11.1964125,11.23224102,10.99039851,11.11579833,11.24119815,54907278.0,679868596.21,-1.1155,0.7096,9.465528,1.134259
2022-06-28,sz.001979,11.06205555,11.27702667,10.85604156,10.96352712,11.11579833,51584638.0,630930608.54,-1.3699,0.6666,9.335863,1.118722
2022-06-29,sz.001979,10.98144138,11.76966882,10.97248425,11.60844048,10.96352712,108301895.0,1388972424.38,5.8824,1.3996,9.885031,1.184529
2022-06-30,sz.001979,11.60844048,12.17273967,11.49199779,12.02942559,11.60844048,71851473.0,949627302.55,3.6265,0.9285,10.243516,1.227486
2022-07-01,sz.001979,12.02046846,12.22648245,11.89506864,12.03838272,12.02942559,45920835.0,619099195.5,0.0745,0.5934,10.251144,1.2284
2022-07-04,sz.001979,12.02942559,12.07421124,11.74279743,11.94881142,12.03838272,62010459.0,822036202.45,-0.744,0.8014,10.17487,1.21926
2022-07-05,sz.001979,11.99359707,12.04733985,11.63531187,11.74279743,11.94881142,42756348.0,561016517.0,-1.7241,0.5525,9.999442,1.198239
2022-07-06,sz.001979,11.69801178,11.86819725,11.36659797,11.4651264,11.74279743,35774749.0,460961651.35,-2.3646,0.4623,9.762994,1.169905
2022-07-07,sz.001979,11.4651264,11.63531187,11.2859838,11.34868371,11.4651264,31079027.0,395673651.54,-1.0156,0.4016,9.663839,1.158023
2022-07-08,sz.001979,11.34868371,11.65322613,11.24119815,11.4651264,11.34868371,36459433.0,468046243.09,1.026,0.4712,9.762994,1.169905
2022-07-11,sz.001979,11.40242649,11.75175456,11.2859838,11.35764084,11.4651264,36088566.0,463791309.95,-0.9375,0.4664,9.671466,1.158937
2022-07-12,sz.001979,11.35764084,11.68905465,11.33076945,11.57261196,11.35764084,29825910.0,384320286.39,1.8927,0.3854,9.854522,1.180873
2022-07-13,sz.001979,11.58156909,12.02942559,11.5546977,11.65322613,11.57261196,60532263.0,799628791.49,0.6966,0.7823,9.923168,1.189099
2022-07-14,sz.001979,11.53678344,11.7338403,11.15162685,11.58156909,11.65322613,53227685.0,681797132.64,-0.6149,0.6879,9.862149,1.181787
2022-07-15,sz.001979,11.34868371,11.7338403,10.96352712,10.96352712,11.58156909,63042618.0,790568368.39,-5.3364,0.8147,9.335863,1.118722
2022-07-18,sz.001979,10.95456999,11.5546977,10.68585609,11.40242649,10.96352712,67875400.0,843876988.38,4.0033,0.8772,9.709603,1.163507
2022-07-19,sz.001979,11.41138362,11.50991205,11.17849824,11.41138362,11.40242649,30945434.0,392018941.18,0.0786,0.3999,9.71723,1.164421
2022-07-20,sz.001979,11.39346936,11.50991205,11.22328389,11.40242649,11.41138362,25515825.0,324659960.48,-0.0785,0.3297,9.709603,1.163507
2022-07-21,sz.001979,11.31285519,11.43825501,10.95456999,10.99935564,11.40242649,40327658.0,498805159.72,-3.535,0.5212,9.366372,1.122378
2022-07-22,sz.001979,10.94561286,11.06205555,10.84708443,10.93665573,10.99935564,22827146.0,279014389.32,-0.57,0.295,9.312981,1.11598
2022-07-25,sz.001979,10.94561286,11.48304066,10.9276986,11.22328389,10.93665573,40260046.0,507111632.06,2.6208,0.5203,9.557056,1.145227
2022-07-26,sz.001979,11.1964125,12.20856819,11.15162685,12.16378254,11.22328389,88162731.0,1170719684.56,8.3799,1.1393,10.357926,1.241196
2022-07-27,sz.001979,12.24439671,12.2712681,11.75175456,12.16378254,12.16378254,67134958.0,904963862.84,0.0,0.8676,10.357926,1.241196
2022-07-28,sz.001979,12.1816968,12.29813949,11.9129829,12.16378254,12.16378254,47536505.0,642958583.0,0.0,0.6143,10.357926,1.241196
2022-07-29,sz.001979,12.13691115,12.6295533,12.0025542,12.2712681,12.16378254,57841603.0,793161717.73,0.8837,0.7475,10.449455,1.252164
2022-08-01,sz.001979,12.1816968,12.2712681,11.76966882,11.87715438,12.2712681,41222457.0,548704544.35,-3.2117,0.5327,10.113852,1.211949
2022-08-02,sz.001979,11.8234116,12.02046846,11.65322613,11.79654021,11.87715438,35768608.0,471201428.65,-0.6787,0.4622,10.045206,1.203723
2022-08-03,sz.001979,11.89506864,12.0025542,11.35764084,11.50095492,11.79654021,41817472.0,541112829.87,-2.5057,0.5404,9.793503,1.173561
2022-08-04,sz.001979,11.50095492,11.66218326,11.24119815,11.43825501,11.50095492,25707243.0,327911718.43,-0.5452,0.3322,9.740112,1.167163
2022-08-05,sz.001979,11.4651264,11.68905465,11.32181232,11.54574057,11.43825501,20368332.0,261632424.15,0.9397,0.2632,9.83164,1.178131
2022-08-08,sz.001979,11.60844048,11.86819725,11.35764084,11.3755551,11.54574057,22770816.0,292854433.97,-1.474,0.2943,9.686721,1.160765
2022-08-09,sz.001979,11.33076945,11.644269,11.0172699,11.41138362,11.3755551,22517219.0,287441221.09,0.315,0.291,9.71723,1.164421
2022-08-10,sz.001979,11.42034075,11.66218326,11.26806954,11.53678344,11.41138362,23120335.0,296464104.58,1.0989,0.2988,9.824013,1.177217
2022-08-11,sz.001979,11.5546977,11.96672568,11.54574057,11.85028299,11.53678344,30605848.0,404071344.52,2.7174,0.3955,10.09097,1.209207
2022-08-12,sz.001979,11.80549734,12.30709662,11.63531187,12.17273967,11.85028299,33863927.0,456066269.45,2.7211,0.4376,10.365554,1.24211
2022-08-15,sz.001979,12.11003976,12.39666792,11.89506864,11.93089716,12.17273967,24207888.0,326639083.8,-1.9868,0.3128,10.159616,1.217432
2022-08-16,sz.001979,11.96672568,12.12795402,11.8234116,12.01151133,11.93089716,18660718.0,250148379.13,0.6757,0.2412,10.228262,1.225658
2022-08-17,sz.001979,12.01151133,13.10428119,11.86819725,12.96096711,12.01151133,58057878.0,819516093.63,7.9045,0.7503,11.03676,1.322541
2022-08-18,sz.001979,12.95200998,12.95200998,12.58476765,12.8086959,12.96096711,30052237.0,428627776.26,-1.1748,0.3884,10.907095,1.307003
2022-08-19,sz.001979,12.7191246,13.8835515,12.69225321,13.35508083,12.8086959,51589319.0,773526535.17,4.2657,0.6667,11.372363,1.362757
2022-08-22,sz.001979,13.2565524,13.60588047,13.02366702,13.39090935,13.35508083,43606306.0,649271488.91,0.2683,0.5635,11.402872,1.366413
2022-08-23,sz.001979,13.3816176,13.63252293,13.03778437,13.25151854,13.39091039,33518891.0,477508967.14,-1.0409,0.4332,10.876585,1.303347
2022-08-24,sz.001979,13.14929785,13.40020318,13.03778437,13.17717622,13.25151854,27504802.0,391160380.11,-0.561,0.3554,10.815567,1.296035
2022-08-25,sz.001979,13.24222575,13.74403641,13.24222575,13.63252293,13.17717622,35093549.0,512332050.64,3.4556,0.4535,11.189306,1.340821
2022-08-26,sz.001979,13.50242387,13.77191478,13.39091039,13.57676619,13.63252293,22181642.0,324058255.2,-0.409,0.2867,11.143542,1.335337
2022-08-29,sz.001979,13.39091039,13.57676619,13.05636995,13.50242387,13.57676619,24969861.0,356244263.35,-0.5476,0.3227,11.082524,1.328025
2022-08-30,sz.001979,13.39091039,13.85554989,13.33515365,13.70686525,13.50242387,26275236.0,386031765.47,1.5141,0.3396,14.25373,1.39753
2022-08-31,sz.001979,13.8462571,14.05069848,13.48383829,13.58605898,13.70686525,32069517.0,473463891.75,-0.8814,0.4144,14.128104,1.385212
2022-09-01,sz.001979,13.4745455,14.22726149,13.43737434,13.62323014,13.58605898,47829181.0,713323707.15,0.2736,0.6181,14.166758,1.389002
2022-09-02,sz.001979,13.63252293,13.69757246,13.27010412,13.4745455,13.62323014,23864205.0,345163880.15,-1.0914,0.3084,14.012142,1.373843
2022-09-05,sz.001979,13.49313108,13.939185,13.20505459,13.79050036,13.4745455,31068515.0,455352131.88,2.3448,0.4015,14.340702,1.406057
2022-09-06,sz.001979,13.71615804,14.32948218,13.61393735,13.86484268,13.79050036,55217370.0,829923936.64,0.5391,0.7136,14.418011,1.413637
2022-09-07,sz.001979,13.73474362,14.01352732,13.57676619,13.94847779,13.86484268,28826898.0,429192409.61,0.6032,0.3725,14.504983,1.422164
2022-09-08,sz.001979,14.02282011,14.14362638,13.6604013,13.79050036,13.94847779,18664989.0,277630446.8,-1.1326,0.2412,14.340702,1.406057
2022-09-09,sz.001979,13.87413547,14.54321635,13.7533292,14.51533798,13.79050036,72480592.0,1118984222.9,5.2561,0.9367,15.094459,1.47996
2022-09-13,sz.001979,14.35736055,14.55250914,14.05069848,14.24584707,14.51533798,38512480.0,591597934.38,-1.8566,0.4977,14.814216,1.452483
2022-09-14,sz.001979,14.11574801,15.03573422,14.11574801,14.66402262,14.24584707,51734695.0,821332629.13,2.9354,0.6686,15.249076,1.49512
2022-09-15,sz.001979,14.69190099,15.6118872,14.57109472,15.06361259,14.66402262,75119531.0,1219825191.91,2.725,0.9708,15.664608,1.535861
2022-09-16,sz.001979,14.95209911,15.3331035,14.50604519,14.75695052,15.06361259,71510494.0,1143698224.61,-2.0358,0.9241,15.345711,1.504595
2022-09-19,sz.001979,14.67331541,15.50966651,14.4038245,15.35168908,14.75695052,61969225.0,1005398130.76,4.0302,0.8008,15.964178,1.565233
2022-09-20,sz.001979,15.24946839,15.48178814,14.5896803,15.01714864,15.35168908,53002166.0,854148208.81,-2.1792,0.685,15.61629,1.531124
2022-09-21,sz.001979,14.7755361,15.38886024,14.75695052,15.0543198,15.01714864,50262963.0,816715971.2,0.2475,0.6496,15.654944,1.534914
2022-09-22,sz.001979,14.87775679,15.02644143,14.23655428,14.50604519,15.0543198,61103920.0,952772323.71,-3.642,0.7897,15.084795,1.479013
2022-09-23,sz.001979,14.52463077,15.02644143,14.46887403,14.66402262,14.50604519,45928550.0,730414719.96,1.089,0.5935,15.249076,1.49512
2022-09-26,sz.001979,14.6826082,15.44461698,14.6826082,14.99856306,14.66402262,46389840.0,756970764.56,2.2814,0.5995,15.596963,1.529229
2022-09-27,sz.001979,15.12866212,15.40744582,14.69190099,15.03573422,14.99856306,49788302.0,803263323.18,0.2478,0.6434,15.635617,1.533019
2022-09-28,sz.001979,14.94280632,15.19371165,14.63614425,14.75695052,15.03573422,22708051.0,362741269.42,-1.8541,0.2935,15.345711,1.504595
2022-09-29,sz.001979,14.75695052,14.87775679,14.27372544,14.64543704,14.75695052,22921666.0,360598250.76,-0.7557,0.2962,15.229748,1.493225
2022-09-30,sz.001979,14.88704958,15.53754488,14.4967524,15.18441886,14.64543704,46618046.0,757913432.41,3.6802,0.6025,15.790234,1.548179
2022-10-10,sz.001979,15.30522513,16.1694546,15.30522513,15.76986463,15.18441886,66240844.0,1131430919.38,3.8556,0.856,16.399038,1.60787
2022-10-11,sz.001979,15.54683767,16.19733297,15.39815303,15.69552231,15.76986463,43695698.0,743558539.55,-0.4714,0.5647,16.321729,1.60029
2022-10-12,sz.001979,15.797743,16.1694546,15.57471604,15.87208532,15.69552231,40806470.0,694664561.01,1.1249,0.5273,16.505337,1.618292
2022-10-13,sz.001979,15.6118872,15.73269347,14.71977936,15.41673861,15.87208532,50953942.0,829351235.52,-2.8689,0.6585,16.031823,1.571865
2022-10-14,sz.001979,15.26805397,15.77915742,14.4038245,14.56180193,15.41673861,58524298.0,936735980.46,-5.5455,0.7563,15.142777,1.484698
2022-10-17,sz.001979,14.19009033,14.5896803,13.68827967,14.45028845,14.56180193,73590750.0,1128180382.56,-0.7658,0.951,15.026814,1.473328
2022-10-18,sz.001979,14.4038245,14.70119378,13.86484268,14.15291917,14.45028845,49745249.0,759111277.02,-2.0579,0.6429,14.717581,1.443008
2022-10-19,sz.001979,14.10645522,14.47816682,14.00423453,14.34806776,14.15291917,21421212.0,330626329.69,1.3789,0.2768,14.920515,1.462906
2022-10-20,sz.001979,14.19938312,14.48745961,13.97635616,14.06928406,14.34806776,27230450.0,414943734.06,-1.943,0.3519,14.630609,1.434481
2022-10-21,sz.001979,14.07857685,14.60826588,14.05999127,14.20867591,14.06928406,42232884.0,650971952.5,0.9908,0.5458,14.775562,1.448693
2022-10-24,sz.001979,14.05069848,14.05069848,13.57676619,13.64181572,14.20867591,34968351.0,517666836.21,-3.9895,0.4519,14.186086,1.390897
2022-10-25,sz.001979,13.62323014,13.7533292,13.39091039,13.4745455,13.64181572,25413455.0,370601598.62,-1.2262,0.3284,14.012142,1.373843
2022-10-26,sz.001979,13.5674734,13.61393735,12.7311223,12.99132042,13.4745455,73844202.0,1028098268.68,-3.5862,0.9543,13.509637,1.324574
2022-10-27,sz.001979,12.9169781,13.45595992,12.9169781,13.25151854,12.99132042,35182969.0,500466719.66,2.0029,0.4547,13.780217,1.351103
2022-10-28,sz.001979,13.18646901,13.46525271,12.93556368,13.04707716,13.25151854,36866644.0,521008013.08,-1.5428,0.4764,13.567619,1.330259
2022-10-31,sz.001979,12.8240502,13.02849158,11.96911352,12.18284769,13.04707716,85267812.0,1125459172.97,-6.6239,1.1019,14.538795,1.231252
2022-11-01,sz.001979,12.19214048,12.3594107,11.6159875,11.95052794,12.18284769,78621557.0,1002998893.42,-1.9069,1.016,14.261549,1.207772
2022-11-02,sz.001979,11.91335678,12.62890161,11.81113609,12.4523386,11.95052794,56708918.0,752607520.32,4.1991,0.7329,14.860401,1.258488
2022-11-03,sz.001979,12.43375302,12.59173045,12.04345584,12.08991979,12.4523386,37905385.0,499427151.81,-2.9104,0.4899,14.427896,1.22186
2022-11-04,sz.001979,12.09921258,12.96344205,12.09921258,12.8240502,12.08991979,43945524.0,598322355.71,6.0723,0.5679,15.303995,1.296054
2022-11-07,sz.001979,12.74041509,12.98202763,12.52668092,12.75900067,12.8240502,29421668.0,404069255.94,-0.5072,0.3802,15.226366,1.28948
2022-11-08,sz.001979,12.65677998,13.42808155,12.61031603,13.02849158,12.75900067,42900819.0,605749151.83,2.1122,0.5544,15.547971,1.316716
2022-11-09,sz.001979,13.27010412,13.96706337,12.83334299,12.92627089,13.02849158,60319159.0,861820869.52,-0.7846,0.7795,15.425983,1.306385
2022-11-10,sz.001979,12.8240502,13.24222575,12.5452665,12.94485647,12.92627089,35806435.0,498705014.56,0.1438,0.4627,15.448163,1.308264
2022-11-11,sz.001979,13.2886897,14.23655428,13.11212669,13.7533292,12.94485647,107028278.0,1576464803.6,6.2455,1.3831,16.41298,1.389971
2022-11-14,sz.001979,14.1250408,14.46887403,13.27939691,13.64181572,13.7533292,121185242.0,1808741708.09,-0.8108,1.5661,16.279902,1.378701
2022-11-15,sz.001979,13.54888782,14.07857685,13.23293296,13.86484268,13.64181572,69196417.0,1026255946.67,1.6349,0.8942,16.546058,1.401241
2022-11-16,sz.001979,13.8462571,13.90201384,13.2886897,13.40020318,13.86484268,48476494.0,702048469.31,-3.3512,0.6265,15.991565,1.354283
2022-11-17,sz.001979,13.24222575,13.52100945,13.09354111,13.36303202,13.40020318,45419006.0,649556623.25,-0.2774,0.587,15.947206,1.350526
2022-11-18,sz.001979,13.36303202,13.50242387,13.07495553,13.24222575,13.36303202,38169721.0,545241699.91,-0.904,0.4933,15.803038,1.338317
2022-11-21,sz.001979,13.12141948,13.41878876,12.86122136,13.34444644,13.24222575,44043124.0,622018120.5,0.7719,0.5692,15.925026,1.348648
2022-11-22,sz.001979,13.43737434,13.69757246,13.12141948,13.27010412,13.34444644,48703358.0,698438088.33,-0.5571,0.6294,15.836308,1.341135
2022-11-23,sz.001979,13.26081133,13.36303202,13.14000506,13.30727528,13.27010412,34049122.0,485904040.58,0.2801,0.44,15.880667,1.344891
2022-11-24,sz.001979,13.49313108,13.72545083,13.03778437,13.2886897,13.30727528,48988773.0,701511081.68,-0.1397,0.6331,15.858487,1.343013
2022-11-25,sz.001979,13.32586086,14.35736055,13.2886897,14.06928406,13.2886897,118441451.0,1762664092.13,5.8741,1.5306,16.790035,1.421903
2022-11-28,sz.001979,13.77191478,14.11574801,13.6604013,13.87413547,14.06928406,52682093.0,787163731.02,-1.3871,0.6808,16.557148,1.402181
2022-11-29,sz.001979,14.97068469,15.2401756,13.939185,14.79412168,13.87413547,127556358.0,2004224382.49,6.6309,1.6484,17.655043,1.495158
2022-11-30,sz.001979,14.42241008,14.72907215,14.01352732,14.2179687,14.79412168,111215234.0,1709708578.84,-3.8945,1.4373,16.967472,1.43693
2022-12-01,sz.001979,14.27372544,14.63614425,13.78120757,13.92989221,14.2179687,114139377.0,1736325989.81,-2.0261,1.475,16.623687,1.407816
2022-12-02,sz.001979,13.79050036,13.86484268,13.2886897,13.58605898,13.92989221,65805233.0,954272093.78,-2.4683,0.8504,16.213362,1.373066
2022-12-05,sz.001979,13.58605898,13.58605898,13.58605898,13.58605898,13.58605898,,,,,16.213362,1.373066
2022-12-06,sz.001979,13.58605898,13.58605898,13.58605898,13.58605898,13.58605898,,,,,16.213362,1.373066
2022-12-07,sz.001979,13.58605898,13.58605898,13.58605898,13.58605898,13.58605898,,,,,16.213362,1.373066
2022-12-08,sz.001979,13.58605898,13.58605898,13.58605898,13.58605898,13.58605898,,,,,16.213362,1.373066
2022-12-09,sz.001979,13.58605898,13.58605898,13.58605898,13.58605898,13.58605898,,,,,16.213362,1.373066
2022-12-12,sz.001979,13.58605898,13.58605898,13.58605898,13.58605898,13.58605898,,,,,16.213362,1.373066
2022-12-13,sz.001979,13.58605898,13.58605898,13.58605898,13.58605898,13.58605898,,,,,16.213362,1.373066
2022-12-14,sz.001979,13.58605898,13.58605898,13.58605898,13.58605898,13.58605898,,,,,16.213362,1.373066
2022-12-15,sz.001979,13.58605898,13.58605898,13.58605898,13.58605898,13.58605898,,,,,16.213362,1.373066
2022-12-16,sz.001979,13.58605898,13.58605898,13.58605898,13.58605898,13.58605898,,,,,16.213362,1.373066
2022-12-19,sz.001979,13.939185,13.939185,12.70324393,12.96344205,13.58605898,128264366.0,1814039124.04,-4.5828,1.6576,15.470342,1.310142
2022-12-20,sz.001979,12.81475741,13.1028339,12.5452665,12.75900067,12.96344205,54635528.0,750424746.38,-1.5771,0.7061,15.226366,1.28948
2022-12-21,sz.001979,12.65677998,12.8240502,12.3594107,12.41516744,12.75900067,45926643.0,619968190.52,-2.6948,0.5935,14.816041,1.254731
2022-12-22,sz.001979,12.50809534,12.58243766,12.06204142,12.18284769,12.41516744,54086821.0,713250024.28,-1.8713,0.699,14.538795,1.231252
2022-12-23,sz.001979,12.07133421,12.24789722,12.04345584,12.13638374,12.18284769,37984184.0,495844911.37,-0.3814,0.4909,14.483346,1.226556
2022-12-26,sz.001979,12.13638374,12.30365396,11.77396493,11.82042888,12.13638374,62325522.0,801018532.94,-2.6034,0.8054,14.106291,1.194624
2022-12-27,sz.001979,11.82972167,12.07133421,11.77396493,11.84830725,11.82042888,55427303.0,709091856.05,0.2358,0.7163,14.13956,1.197442
2022-12-28,sz.001979,11.8018433,12.20143327,11.67174424,12.11779816,11.84830725,67289089.0,868418087.44,2.2745,0.8696,14.461166,1.224677
2022-12-29,sz.001979,12.00628468,12.05274863,11.65315866,11.8018433,12.11779816,54605913.0,691803876.84,-2.6074,0.7057,14.084111,1.192746
2022-12-30,sz.001979,11.75537935,11.8947712,11.51376681,11.73679377,11.8018433,53990613.0,680496326.33,-0.5512,0.6977,14.006482,1.186171
2023-01-03,sz.001979,11.76467214,12.08991979,11.71820819,11.91335678,11.73679377,70742609.0,906825540.52,1.5044,0.9142,14.217189,1.204016
2023-01-04,sz.001979,11.8947712,12.76829346,11.75537935,12.59173045,11.91335678,99122697.0,1331385632.75,5.6942,1.281,15.026748,1.272575
2023-01-05,sz.001979,12.61031603,12.8240502,12.39658186,12.68465835,12.59173045,59436898.0,806731598.85,0.738,0.7681,15.137647,1.281967
2023-01-06,sz.001979,12.8240502,12.90768531,12.46163139,12.56385208,12.68465835,56350957.0,769688418.62,-0.9524,0.7282,14.993479,1.269758
2023-01-09,sz.001979,12.64748719,13.18646901,12.62890161,12.7311223,12.56385208,84501514.0,1172637802.22,1.3314,1.092,15.193096,1.286663
2023-01-10,sz.001979,12.79617183,13.08424832,12.64748719,12.89839252,12.7311223,44032282.0,612052948.14,1.3139,0.569,15.392714,1.303568
2023-01-11,sz.001979,12.93556368,13.7533292,12.84263578,13.55818061,12.89839252,91345562.0,1323837286.03,5.1153,1.1805,16.180093,1.370249
2023-01-12,sz.001979,13.4745455,13.64181572,12.99132042,13.22364017,13.55818061,54498073.0,775130331.2,-2.4674,0.7043,15.780858,1.336439
2023-01-13,sz.001979,13.1028339,13.41878876,13.02849158,13.20505459,13.22364017,31109240.0,442274534.94,-0.1405,0.402,15.758679,1.33456
2023-01-16,sz.001979,13.27010412,13.40949597,12.92627089,13.35373923,13.20505459,45178359.0,644116029.42,1.126,0.5838,15.936116,1.349587
2023-01-17,sz.001979,13.35373923,13.53959503,13.08424832,13.27939691,13.35373923,30872608.0,442424767.47,-0.5567,0.399,15.847397,1.342074
2023-01-18,sz.001979,13.2886897,13.42808155,13.11212669,13.31656807,13.27939691,26641853.0,380017955.74,0.2799,0.3443,15.891757,1.34583
2023-01-19,sz.001979,13.21434738,13.66969409,13.14000506,13.63252293,13.31656807,36566797.0,528904782.03,2.3726,0.4726,16.268812,1.377762
2023-01-20,sz.001979,13.61393735,13.6604013,13.36303202,13.42808155,13.63252293,25218843.0,365131315.55,-1.4997,0.3259,16.024835,1.3571
2023-01-30,sz.001979,13.63252293,13.65110851,13.29798249,13.3816176,13.42808155,63996145.0,925059674.21,-0.346,0.827,15.969386,1.352405
2023-01-31,sz.001979,13.31656807,13.94847779,13.16788343,13.79979315,13.3816176,67874004.0,990761741.09,3.125,0.8771,16.468429,1.394667
2023-02-01,sz.001979,13.79979315,13.79979315,13.20505459,13.40020318,13.79979315,68058471.0,978836523.01,-2.8956,0.8795,15.991565,1.354283
2023-02-02,sz.001979,13.34444644,13.48383829,13.1957618,13.23293296,13.40020318,42558045.0,609530641.09,-1.2483,0.55,15.791948,1.337378
2023-02-03,sz.001979,13.14000506,13.18646901,12.95414926,12.96344205,13.23293296,30746822.0,431701816.54,-2.0365,0.3973,15.470342,1.310142
2023-02-06,sz.001979,12.90768531,12.90768531,12.55455929,12.69395114,12.96344205,45681285.0,623880557.43,-2.0789,0.5903,15.148737,1.282906
2023-02-07,sz.001979,12.72182951,13.1028339,12.72182951,12.97273484,12.69395114,46690764.0,651018498.76,2.1962,0.6034,15.481432,1.311081
2023-02-08,sz.001979,12.9169781,13.35373923,12.89839252,13.22364017,12.97273484,40999799.0,582241154.6,1.9341,0.5298,15.780858,1.336439
2023-02-09,sz.001979,13.22364017,13.80908594,13.1957618,13.70686525,13.22364017,57954768.0,850471295.55,3.6543,0.749,16.357531,1.385275
2023-02-10,sz.001979,13.6604013,14.01352732,13.54888782,13.76262199,13.70686525,39267490.0,582171567.25,0.4068,0.5075,16.42407,1.390911
2023-02-13,sz.001979,13.77191478,13.939185,13.52100945,13.73474362,13.76262199,45391288.0,671951676.78,-0.2026,0.5866,16.3908,1.388093
2023-02-14,sz.001979,13.89272105,14.02282011,13.78120757,13.83696431,13.73474362,35821472.0,535192515.75,0.7442,0.4629,16.512788,1.398424
2023-02-15,sz.001979,13.8462571,13.86484268,13.4745455,13.5674734,13.83696431,35802817.0,525699514.66,-1.9476,0.4627,16.191183,1.371188
2023-02-16,sz.001979,13.5674734,13.90201384,13.34444644,13.42808155,13.5674734,22196850.0,325810166.11,-1.0274,0.2869,16.024835,1.3571
2023-02-17,sz.001979,13.43737434,13.70686525,13.30727528,13.4745455,13.42808155,21344576.0,311410058.15,0.346,0.2758,16.080284,1.361796
2023-02-20,sz.001979,13.41878876,13.96706337,13.40949597,13.92059942,13.4745455,41894298.0,621617010.62,3.3103,0.5414,16.612597,1.406876
2023-02-21,sz.001979,14.10645522,14.30160381,13.63252293,13.74403641,13.92059942,32709561.0,488140053.76,-1.2684,0.4227,16.40189,1.389032
2023-02-22,sz.001979,13.59535177,13.77191478,13.4745455,13.54888782,13.74403641,18445261.0,269344264.94,-1.4199,0.2384,16.169003,1.36931
2023-02-23,sz.001979,13.50242387,13.63252293,13.40020318,13.49313108,13.54888782,24799142.0,360721169.05,-0.4115,0.3205,16.102464,1.363675
2023-02-24,sz.001979,13.53030224,13.58605898,13.29798249,13.42808155,13.49313108,15936614.0,229931668.35,-0.4821,0.206,16.024835,1.3571
2023-02-27,sz.001979,13.39091039,14.01352732,13.39091039,13.61393735,13.42808155,37166220.0,548905190.13,1.3841,0.4803,16.246632,1.375884
2023-02-28,sz.001979,13.6604013,13.92059942,13.49313108,13.78120757,13.61393735,34023497.0,501770277.47,1.2287,0.4397,16.446249,1.392789
2023-03-01,sz.001979,13.83696431,14.19938312,13.72545083,14.09716243,13.78120757,54477453.0,820656400.95,2.2927,0.704,16.823304,1.424721
2023-03-02,sz.001979,14.07857685,14.23655428,13.92989221,14.01352732,14.09716243,29950049.0,452529201.03,-0.5933,0.387,16.723496,1.416268
2023-03-03,sz.001979,14.01352732,14.06928406,13.78120757,13.81837873,14.01352732,23921831.0,356581494.85,-1.3926,0.3091,16.490609,1.396546
2023-03-06,sz.001979,13.78120757,13.79050036,13.54888782,13.6604013,13.81837873,26787250.0,394194883.96,-1.1432,0.3462,16.302081,1.38058
2023-03-07,sz.001979,13.69757246,13.7533292,13.2886897,13.35373923,13.6604013,35800779.0,520192401.18,-2.2449,0.4627,15.936116,1.349587
2023-03-08,sz.001979,13.3816176,13.50242387,13.23293296,13.35373923,13.35373923,22446147.0,322745780.12,0.0,0.2901,15.936116,1.349587
2023-03-09,sz.001979,13.35373923,13.5674734,13.25151854,13.50242387,13.35373923,20198987.0,292558831.2,1.1134,0.261,16.113554,1.364614
2023-03-10,sz.001979,13.45595992,13.48383829,13.12141948,13.16788343,13.50242387,23706797.0,337396855.13,-2.4776,0.3064,15.714319,1.330804
2023-03-13,sz.001979,13.1028339,13.26081133,12.93556368,13.009906,13.16788343,34305356.0,481356358.1,-1.1997,0.4433,15.525792,1.314838
2023-03-14,sz.001979,12.99132042,13.13071227,12.77758625,12.85192857,13.009906,27533004.0,383068991.87,-1.2143,0.3558,15.337264,1.298872
2023-03-15,sz.001979,12.95414926,12.97273484,12.79617183,12.86122136,12.85192857,22633967.0,313633704.7,0.0723,0.2925,15.348354,1.299811
2023-03-16,sz.001979,12.80546462,12.9169781,12.60102324,12.6381944,12.86122136,24813492.0,340695703.09,-1.7341,0.3207,15.082198,1.277271
2023-03-17,sz.001979,12.72182951,13.05636995,12.66607277,12.87051415,12.6381944,40859190.0,568342675.54,1.8382,0.528,15.359444,1.30075
2023-03-20,sz.001979,12.94485647,13.08424832,12.61960882,12.65677998,12.87051415,27826363.0,382705129.64,-1.6606,0.3596,15.104377,1.279149
2023-03-21,sz.001979,12.65677998,12.68465835,12.37799628,12.53597371,12.65677998,32559289.0,438367518.73,-0.9545,0.4208,24.483697,1.249954
2023-03-22,sz.001979,12.55455929,13.04707716,12.5452665,12.93556368,12.53597371,37780114.0,524330650.97,3.1875,0.4882,25.264126,1.289797
2023-03-23,sz.001979,12.87051415,13.06566274,12.74970788,12.84263578,12.93556368,30360827.0,421174731.55,-0.7184,0.3924,25.082631,1.280531
2023-03-24,sz.001979,12.9169781,12.9169781,12.31294675,12.52668092,12.84263578,45904659.0,620007863.29,-2.4602,0.5932,24.465547,1.249028
2023-03-27,sz.001979,12.49880255,12.50809534,12.21072606,12.29436117,12.52668092,33767850.0,446912440.02,-1.8546,0.4364,24.01181,1.225863
2023-03-28,sz.001979,12.34082512,12.36870349,12.03416305,12.1735549,12.29436117,39187652.0,512229867.05,-0.9826,0.5064,23.775866,1.213818
2023-03-29,sz.001979,12.1735549,12.4523386,12.1735549,12.30365396,12.1735549,31329119.0,414930570.31,1.0687,0.4049,24.029959,1.22679
2023-03-30,sz.001979,12.30365396,12.69395114,12.19214048,12.58243766,12.30365396,28933852.0,388181299.26,2.2659,0.3739,24.574445,1.254587
2023-03-31,sz.001979,12.57314487,12.99132042,12.5452665,12.65677998,12.58243766,36993740.0,510218381.69,0.5908,0.4781,24.719641,1.262
2023-04-03,sz.001979,12.70324393,13.3816176,12.66607277,13.05636995,12.65677998,46084365.0,651540150.0,3.1571,0.5956,25.50007,1.301843
2023-04-04,sz.001979,13.05636995,13.20505459,12.93556368,13.00061321,13.05636995,30664856.0,431173582.17,-0.427,0.3963,25.391173,1.296283
2023-04-06,sz.001979,12.96344205,13.25151854,12.9169781,13.009906,13.00061321,23748496.0,333401289.2,0.0715,0.3069,25.409322,1.29721
2023-04-07,sz.001979,13.04707716,14.19009033,13.04707716,13.81837873,13.009906,79101381.0,1174086300.12,6.2143,1.0223,26.98833,1.377822
2023-04-10,sz.001979,13.76262199,14.01352732,13.70686525,13.939185,13.81837873,43021807.0,643604446.05,0.8742,0.556,27.224274,1.389868
2023-04-11,sz.001979,13.76262199,14.20867591,13.64181572,14.08786964,13.939185,53941616.0,814873775.87,1.0667,0.6971,27.514666,1.404693
2023-04-12,sz.001979,14.05999127,14.4038245,13.92989221,14.1250408,14.08786964,33772852.0,512668878.42,0.2639,0.4365,27.587264,1.408399
2023-04-13,sz.001979,14.07857685,14.2179687,13.92059942,14.13433359,14.1250408,24234876.0,367275350.45,0.0658,0.3132,27.605414,1.409326
2023-04-14,sz.001979,14.07857685,14.17150475,13.8462571,13.92989221,14.13433359,22956465.0,345138024.21,-1.4464,0.2967,27.206124,1.388941
2023-04-17,sz.001979,13.92059942,14.06928406,13.73474362,14.0321129,13.92989221,31342670.0,469672408.13,0.7338,0.4051,27.405769,1.399133
2023-04-18,sz.001979,14.05069848,14.35736055,13.86484268,14.08786964,14.0321129,24414538.0,369516698.19,0.3974,0.3155,27.514666,1.404693
2023-04-19,sz.001979,14.08786964,14.09716243,13.62323014,13.70686525,14.08786964,39948031.0,591914819.93,-2.7045,0.5163,26.770536,1.366703
2023-04-20,sz.001979,13.70686525,13.79979315,13.1957618,13.63252293,13.70686525,54483655.0,787978281.25,-0.5424,0.7041,26.62534,1.359291
2023-04-21,sz.001979,13.72545083,13.939185,13.49313108,13.53030224,13.63252293,28317463.0,416829926.79,-0.7498,0.366,26.425695,1.349098
2023-04-24,sz.001979,13.4745455,13.4745455,12.9169781,13.009906,13.53030224,45982341.0,648309090.79,-3.8462,0.5942,26.47624,1.297497
2023-04-25,sz.001979,13.08424832,13.11212669,12.6381944,12.79617183,13.009906,32946123.0,453055621.62,-1.6429,0.4258,26.041273,1.276181
2023-04-26,sz.001979,12.64748719,12.7311223,12.36870349,12.53597371,12.79617183,34842659.0,469964693.38,-2.0334,0.4503,25.511748,1.250231
2023-04-27,sz.001979,12.53597371,12.99132042,12.42446023,12.85192857,12.53597371,29270835.0,402177168.32,2.5204,0.3783,26.154743,1.281741
2023-04-28,sz.001979,12.87980694,12.97273484,12.5452665,12.69395114,12.85192857,32447414.0,442465137.11,-1.2292,0.4193,25.833246,1.265986
2023-05-04,sz.001979,12.5452665,12.65677998,12.24789722,12.42446023,12.69395114,35307674.0,472237260.58,-2.123,0.4563,25.284809,1.239109
2023-05-05,sz.001979,12.38728907,13.08424832,12.33153233,12.99132042,12.42446023,53315000.0,735701420.46,4.5625,0.689,26.438417,1.295643
2023-05-08,sz.001979,12.79617183,13.26081133,12.40587465,13.16788343,12.99132042,55965124.0,776396355.73,1.3591,0.7233,26.797737,1.313252
2023-05-09,sz.001979,13.07495553,13.8462571,13.009906,13.35373923,13.16788343,59357795.0,861581531.57,1.4114,0.7671,27.175969,1.331788
2023-05-10,sz.001979,13.37232481,13.54888782,12.8240502,12.98202763,13.35373923,41665131.0,585098024.18,-2.7836,0.5385,26.419505,1.294716
2023-05-11,sz.001979,12.96344205,13.08424832,12.75900067,12.79617183,12.98202763,27497707.0,380753749.99,-1.4316,0.3554,26.041273,1.276181
2023-05-12,sz.001979,12.8150814,13.1175022,12.7205749,12.82453205,12.7961801,27436682.0,374396030.17,0.2216,0.3546,25.663041,1.257645
2023-05-15,sz.001979,12.80563075,12.8339827,12.48430865,12.78672945,12.82453205,25975338.0,347734502.69,-0.2948,0.3357,25.587395,1.253938
2023-05-16,sz.001979,12.78672945,12.88123595,12.59771645,12.6449697,12.78672945,19314403.0,260024881.66,-1.1086,0.2496,25.303721,1.240036
2023-05-17,sz.001979,12.6260684,12.8717853,12.5504632,12.61661775,12.6449697,21783704.0,291750598.78,-0.2242,0.2815,25.246986,1.237256
2023-05-18,sz.001979,12.69222295,12.7772788,12.3047463,12.3992528,12.61661775,43199815.0,570144559.96,-1.7228,0.5583,24.812019,1.21594
2023-05-19,sz.001979,12.35199955,12.4181541,12.0779307,12.16298655,12.3992528,28088824.0,362276555.54,-1.9055,0.363,24.339229,1.19277
2023-05-22,sz.001979,12.096832,12.1913385,11.93617095,12.1535359,12.16298655,31752077.0,405219845.94,-0.0777,0.4103,24.320318,1.191843
2023-05-23,sz.001979,12.0779307,12.3047463,11.9834242,12.16298655,12.1535359,30155999.0,388385870.7,0.0778,0.3897,24.339229,1.19277
2023-05-24,sz.001979,12.06848005,12.10628265,11.59594755,11.6432008,12.16298655,46489241.0,577549947.84,-4.2735,0.6008,23.299091,1.141797
2023-05-25,sz.001979,11.53924365,11.8133125,11.44473715,11.67155275,11.6432008,34552689.0,425153235.55,0.2435,0.4465,23.355826,1.144577
2023-05-26,sz.001979,11.6621021,11.93617095,11.5864969,11.84166445,11.67155275,27504148.0,343202724.55,1.4575,0.3554,23.696235,1.16126
2023-05-29,sz.001979,11.8133125,12.1157333,11.7755099,11.9267203,11.84166445,22714461.0,287014278.96,0.7183,0.2935,23.866439,1.169601
2023-05-30,sz.001979,11.907819,12.16298655,11.46363845,12.12518395,11.9267203,45631695.0,569295972.85,1.664,0.5897,24.263583,1.189063
2023-05-31,sz.001979,12.14408525,12.2480424,11.8700164,11.9834242,12.12518395,23092453.0,293497550.42,-1.1691,0.2984,23.979909,1.175161
2023-06-01,sz.001979,11.9267203,12.0212268,11.72825665,11.78496055,11.9834242,24732497.0,309809872.98,-1.6562,0.3196,23.582765,1.155699
2023-06-02,sz.001979,11.7944112,12.42760475,11.7944112,12.3425489,11.78496055,45369955.0,585361071.66,4.7314,0.5863,24.69855,1.210379
2023-06-05,sz.001979,12.2102398,12.25749305,11.9645229,12.0401281,12.3425489,29693308.0,379162361.85,-2.4502,0.3837,24.093378,1.180722
2023-06-06,sz.001979,12.03067745,12.63551905,11.9834242,12.23859175,12.0401281,47119372.0,616693897.85,1.6484,0.6089,24.490522,1.200184
2023-06-07,sz.001979,12.29529565,12.6827723,12.2669437,12.35199955,12.23859175,36179428.0,476704991.56,0.9266,0.4676,24.717461,1.211306
2023-06-08,sz.001979,12.33309825,12.9473905,12.1724372,12.76782815,12.35199955,53075718.0,710945159.25,3.3665,0.6859,25.549572,1.252084
2023-06-09,sz.001979,12.7583775,12.7583775,12.474858,12.59771645,12.76782815,24611873.0,327920820.64,-1.3323,0.3181,25.209163,1.235402
2023-06-12,sz.001979,12.52211125,12.90013725,12.42760475,12.7016736,12.59771645,35126156.0,472068051.0,0.8252,0.4539,25.41719,1.245597
2023-06-13,sz.001979,12.69222295,13.1364035,12.6827723,12.9284892,12.7016736,29441202.0,403381403.47,1.7857,0.3805,25.871069,1.26784
2023-06-14,sz.001979,12.93793985,13.08915025,12.7583775,12.80563075,12.9284892,31539879.0,429629430.89,-0.9503,0.4076,25.625218,1.255791
2023-06-15,sz.001979,12.7772788,13.05134765,12.74892685,12.90013725,12.80563075,25726476.0,350646890.05,0.738,0.3325,25.814334,1.265059
2023-06-16,sz.001979,12.88123595,13.041897,12.59771645,12.7016736,12.90013725,41864012.0,565095659.17,-1.5385,0.541,25.41719,1.245597
2023-06-19,sz.001979,12.8717853,12.9473905,12.48430865,12.6071671,12.7016736,42420579.0,567354339.02,-0.744,0.5482,25.228074,1.236329
2023-06-20,sz.001979,12.50320995,12.6260684,12.3425489,12.44650605,12.6071671,34666490.0,458114891.38,-1.2744,0.448,24.906577,1.220574
2023-06-21,sz.001979,12.3425489,12.46540735,12.16298655,12.18188785,12.44650605,18951893.0,246372037.92,-2.126,0.2449,24.377052,1.194624
2023-06-26,sz.001979,12.04957875,12.08738135,11.86056575,11.97397355,12.18188785,30846414.0,389892806.64,-1.7067,0.3986,23.960997,1.174235
2023-06-27,sz.001979,12.04957875,12.852884,11.907819,12.80563075,11.97397355,46204884.0,612151066.26,6.9455,0.5971,25.625218,1.255791
2023-06-28,sz.001979,12.91903855,12.93793985,12.50320995,12.67332165,12.80563075,21744278.0,290936177.26,-1.0332,0.281,25.360456,1.242817
2023-06-29,sz.001979,12.61661775,12.6827723,12.31419695,12.4370554,12.67332165,14824083.0,195497096.67,-1.8643,0.1916,24.887666,1.219647
2023-06-30,sz.001979,12.46540735,12.65442035,12.3047463,12.31419695,12.4370554,19467289.0,255969948.24,-0.9878,0.2516,26.558652,1.301535
2023-07-03,sz.001979,12.33309825,12.40870345,12.18188785,12.21969045,12.31419695,33484130.0,434552283.39,-0.7675,0.4327,24.452699,1.198331
2023-07-04,sz.001979,12.14408525,12.21969045,11.7755099,12.0023255,12.21969045,44579772.0,561531290.15,-1.7788,0.5761,24.017732,1.177015
2023-07-05,sz.001979,11.95507225,12.0779307,11.907819,12.0212268,12.0023255,19331541.0,245615558.13,0.1575,0.2498,24.055555,1.178868
2023-07-06,sz.001979,11.95507225,12.1157333,11.8889177,12.01177615,12.0212268,21631809.0,275001513.15,-0.0786,0.2796,24.036644,1.177942
2023-07-07,sz.001979,11.97397355,12.08738135,11.84166445,11.9267203,12.01177615,17887564.0,226212613.35,-0.7081,0.2312,23.866439,1.169601
2023-07-10,sz.001979,11.93617095,11.9834242,11.718806,11.8322138,11.9267203,19264538.0,241259013.59,-0.7924,0.249,23.677323,1.160333
2023-07-11,sz.001979,12.01177615,12.08738135,11.59594755,11.6621021,11.8322138,34454949.0,427716442.74,-1.4377,0.4453,23.336914,1.143651
2023-07-12,sz.001979,11.59594755,11.6242995,11.1706683,11.29352675,11.6621021,52601972.0,631541456.78,-3.1605,0.6798,22.599362,1.107506
2023-07-13,sz.001979,11.3029774,11.38803325,11.2084709,11.3596813,11.29352675,29481487.0,352845969.89,0.5858,0.381,22.731743,1.113994
2023-07-14,sz.001979,11.3596813,11.44473715,11.1328657,11.3218787,11.3596813,32882415.0,392969346.08,-0.3328,0.4249,22.05898,1.196653
2023-07-17,sz.001979,11.2651748,11.4163852,11.2273722,11.36913195,11.3218787,15296105.0,183479193.29,0.4174,0.1977,22.151046,1.201648
2023-07-18,sz.001979,11.36913195,11.6053982,11.31242805,11.5108917,11.36913195,27450505.0,333309797.18,1.2469,0.3548,22.427243,1.216631
2023-07-19,sz.001979,11.4919904,12.0023255,11.44473715,11.7755099,11.5108917,51508811.0,643014755.05,2.2989,0.6657,22.942812,1.2446
2023-07-20,sz.001979,11.7566086,11.99287485,11.6999047,11.87946705,11.7755099,38136287.0,478546596.54,0.8828,0.4928,23.145357,1.255587
2023-07-21,sz.001979,11.8511151,11.9456216,11.7755099,11.84166445,11.87946705,21498458.0,269618685.74,-0.3182,0.2778,23.071704,1.251592
2023-07-24,sz.001979,11.87946705,11.97397355,11.57704625,11.74715795,11.84166445,25532712.0,317006465.93,-0.7981,0.33,22.887573,1.241603
2023-07-25,sz.001979,12.18188785,12.6449697,12.18188785,12.61661775,11.74715795,89102140.0,1174647226.14,7.4014,1.1515,24.581584,1.333499
2023-07-26,sz.001979,12.55991385,12.7961801,12.3992528,12.67332165,12.61661775,43787198.0,585449161.28,0.4494,0.5659,24.692063,1.339493
2023-07-27,sz.001979,12.48430865,12.8906866,12.38980215,12.6827723,12.67332165,48432230.0,652200810.46,0.0746,0.6259,24.710477,1.340492
2023-07-28,sz.001979,12.852884,13.27816325,12.69222295,13.22145935,12.6827723,57646709.0,796166553.23,4.2474,0.745,25.760027,1.397428
2023-07-31,sz.001979,13.35376845,14.1192711,13.29706455,13.46717625,13.22145935,81452599.0,1173444144.46,1.8585,1.0526,26.23877,1.423398
2023-08-01,sz.001979,13.35376845,13.65618925,13.1742061,13.2687126,13.46717625,61914513.0,877447836.43,-1.4737,0.8001,25.852093,1.402422
2023-08-02,sz.001979,13.27816325,13.5144295,13.2120087,13.33486715,13.2687126,36684370.0,518594808.43,0.4986,0.4741,25.980985,1.409414
2023-08-03,sz.001979,13.3821204,13.7601464,13.1364035,13.608936,13.33486715,57956330.0,829978747.97,2.0553,0.749,26.514967,1.438381
2023-08-04,sz.001979,13.8168503,14.2326789,13.6467386,13.67509055,13.608936,47771897.0,699974394.53,0.4861,0.6174,26.64386,1.445374
2023-08-07,sz.001979,13.5333308,13.6278373,13.041897,13.1931074,13.67509055,68216609.0,952732859.58,-3.5245,0.8816,25.704788,1.394431
2023-08-08,sz.001979,13.23091,13.2687126,12.78672945,12.88123595,13.1931074,56792771.0,777932812.96,-2.3639,0.7339,25.097153,1.361468
2023-08-09,sz.001979,12.9473905,13.23091,12.7772788,12.9662918,12.88123595,52833379.0,727295955.49,0.6603,0.6828,25.262872,1.370458
2023-08-10,sz.001979,12.9095879,13.0796996,12.8150814,12.8717853,12.9662918,38508899.0,525055786.94,-0.7289,0.4977,25.07874,1.360469
2023-08-11,sz.001979,12.9662918,13.1364035,12.59771645,12.7583775,12.8717853,36393968.0,492573644.07,-0.8811,0.4703,24.857782,1.348483
2023-08-14,sz.001979,12.55991385,13.1364035,12.35199955,12.9662918,12.7583775,52873527.0,716262642.84,1.6296,0.6833,25.262872,1.370458
2023-08-15,sz.001979,12.97574245,13.0986009,12.82453205,13.0607983,12.9662918,35021400.0,481063850.23,0.7289,0.4526,25.447003,1.380447
2023-08-16,sz.001979,12.9851931,13.54278145,12.91903855,13.2120087,13.0607983,40405166.0,567381213.48,1.1577,0.5222,25.741614,1.396429
2023-08-17,sz.001979,13.1553048,13.2687126,13.0229957,13.18365675,13.2120087,23096906.0,321115989.07,-0.2146,0.2985,25.686375,1.393432
2023-08-18,sz.001979,13.23091,13.4388243,13.0986009,13.1364035,13.18365675,25630787.0,359428709.26,-0.3584,0.3312,25.594309,1.388438
2023-08-21,sz.001979,13.041897,13.041897,12.71112425,12.73002555,13.1364035,24457608.0,332378028.56,-3.0935,0.3161,24.802542,1.345486
2023-08-22,sz.001979,12.852884,12.9095879,12.61661775,12.8150814,12.73002555,20520555.0,277113009.9,0.6682,0.2652,24.968261,1.354476
2023-08-23,sz.001979,12.88123595,13.0229957,12.7205749,12.76782815,12.8150814,19673097.0,267887415.12,-0.3687,0.2542,24.876195,1.349481
2023-08-24,sz.001979,12.84343335,12.84343335,12.38980215,12.5882658,12.76782815,34100269.0,452978225.91,-1.4064,0.4407,24.526345,1.330503
2023-08-25,sz.001979,12.61661775,13.23091,12.48430865,13.0229957,12.5882658,35119550.0,478487021.07,3.4535,0.4539,25.373351,1.376451
2023-08-28,sz.001979,13.8546529,14.2704815,13.2876139,13.5144295,13.0229957,80969467.0,1162472754.28,3.7736,1.0464,26.330836,1.428393
2023-08-29,sz.001979,13.41047235,13.9680607,13.3254165,13.8735542,13.5144295,66134875.0,958723288.61,2.6573,0.8547,27.030536,1.472072
2023-08-30,sz.001979,13.73179445,14.3271854,13.73179445,13.99641265,13.8735542,62864761.0,937556345.03,0.8856,0.8124,27.269908,1.485108
2023-08-31,sz.001979,13.9491594,13.986962,12.82453205,12.9095879,13.99641265,97075941.0,1358187300.51,-7.765,1.2545,25.152393,1.369789
2023-09-01,sz.001979,13.25926195,13.6656399,12.95684115,13.3443178,12.9095879,61957519.0,873487403.48,3.3675,0.8007,25.999399,1.415916
2023-09-04,sz.001979,13.54278145,13.7412451,13.14585415,13.18365675,13.3443178,57848360.0,819011984.31,-1.204,0.7476,25.686375,1.398869
2023-09-05,sz.001979,13.1175022,13.1175022,12.7205749,12.82453205,13.18365675,46212491.0,626950248.93,-2.724,0.5972,24.986674,1.360764
2023-09-06,sz.001979,12.82453205,13.14585415,12.63551905,13.08915025,12.82453205,34486216.0,472612719.46,2.0634,0.4457,25.502243,1.388841
2023-09-07,sz.001979,13.0040944,13.22145935,12.9095879,12.9662918,13.08915025,32104380.0,443906207.85,-0.9386,0.4149,25.262872,1.375805
2023-09-08,sz.001979,12.9095879,13.03244635,12.7583775,13.0229957,12.9662918,14637854.0,199861033.9,0.4373,0.1892,25.373351,1.381822
2023-09-11,sz.001979,12.9662918,13.0229957,12.3803515,12.6449697,13.0229957,69396293.0,924083221.51,-2.9028,0.8968,24.636824,1.341711
2023-09-12,sz.001979,12.52211125,12.52211125,12.096832,12.27639435,12.6449697,101774898.0,1312779256.61,-2.9148,1.3153,23.91871,1.302603
2023-09-13,sz.001979,12.1913385,12.37090085,12.1346346,12.29529565,12.27639435,50271364.0,652527500.21,0.154,0.6497,23.955537,1.304608
2023-09-14,sz.001979,12.285845,12.474858,12.2291411,12.25749305,12.29529565,75397016.0,982148623.81,-0.3075,0.9744,23.881884,1.300597
2023-09-15,sz.001979,12.31419695,12.33309825,12.0779307,12.096832,12.25749305,42757107.0,550332596.57,-1.3107,0.5526,23.56886,1.28355
2023-09-18,sz.001979,12.10628265,12.1157333,11.86056575,12.01177615,12.096832,39127648.0,494778998.78,-0.7031,0.5057,23.403141,1.274525
2023-09-19,sz.001979,11.99287485,12.16298655,11.93617095,12.12518395,12.01177615,24853319.0,317337135.64,0.9441,0.3212,23.6241,1.286559
2023-09-20,sz.001979,12.0590294,12.20078915,12.01177615,12.0590294,12.12518395,19436961.0,249161349.01,-0.5456,0.2512,23.495207,1.279539
2023-09-21,sz.001979,12.06848005,12.25749305,12.03067745,12.04957875,12.0590294,25699384.0,329551897.97,-0.0784,0.3321,23.476794,1.278536
2023-09-22,sz.001979,11.97397355,12.08738135,11.9645229,12.0590294,12.04957875,26303157.0,334812366.29,0.0784,0.3399,23.495207,1.279539
2023-09-25,sz.001979,11.99287485,12.0023255,11.72825665,11.8889177,12.0590294,39295176.0,494194891.78,-1.4107,0.5078,23.16377,1.261489
2023-09-26,sz.001979,11.87946705,11.907819,11.69045405,11.74715795,11.8889177,23773856.0,296173010.91,-1.1924,0.3072,22.887573,1.246448
2023-09-27,sz.001979,11.76605925,11.8133125,11.61484885,11.65265145,11.74715795,21046974.0,260325105.5,-0.8045,0.272,22.703441,1.23642
2023-09-28,sz.001979,11.69045405,11.76605925,11.57704625,11.70935535,11.65265145,22637900.0,279982720.47,0.4866,0.2926,22.81392,1.242436
2023-10-09,sz.001979,11.6810034,11.6810034,11.38803325,11.4919904,11.70935535,28478755.0,345999421.16,-1.8563,0.368,22.390417,1.219373
2023-10-10,sz.001979,11.48253975,11.55814495,11.34078,11.3596813,11.4919904,18730855.0,226742451.36,-1.1513,0.2421,22.132633,1.205334
2023-10-11,sz.001979,11.36913195,11.44473715,11.19902025,11.29352675,11.3596813,32317478.0,385463988.73,-0.5824,0.4176,22.00374,1.198314
2023-10-12,sz.001979,11.34078,11.6053982,11.2840761,11.46363845,11.29352675,29700401.0,360628035.74,1.5063,0.3838,22.335178,1.216364
2023-10-13,sz.001979,11.3785826,11.63375015,11.34078,11.55814495,11.46363845,23907479.0,291966236.53,0.8244,0.309,22.519309,1.226392
2023-10-16,sz.001979,11.55814495,11.82276315,11.3029774,11.36913195,11.55814495,22159182.0,269231841.21,-1.6353,0.2864,22.151046,1.206337
2023-10-17,sz.001979,11.3218787,11.44473715,11.16121765,11.3596813,11.36913195,24870831.0,297880658.6,-0.0831,0.3214,24.042391,1.309338
2023-10-18,sz.001979,11.3029774,11.44473715,11.25572415,11.31242805,11.3596813,16245531.0,195199314.42,-0.416,0.2099,23.942381,1.303892
2023-10-19,sz.001979,11.23682285,11.25572415,11.02890855,11.02890855,11.31242805,25831527.0,303478785.76,-2.5063,0.3338,23.342321,1.271213
2023-10-20,sz.001979,10.99110595,11.2840761,10.8115436,11.1328657,11.02890855,29501082.0,346456726.22,0.9426,0.3813,23.562343,1.283195
2023-10-23,sz.001979,11.06671115,11.23682285,10.91550075,11.0005566,11.1328657,24002487.0,280777167.21,-1.1885,0.3102,23.282315,1.267945
2023-10-24,sz.001979,11.0194579,11.3218787,11.0194579,11.31242805,11.0005566,21915234.0,260220789.56,2.8351,0.2832,23.942381,1.303892
2023-10-25,sz.001979,11.36913195,11.5108917,10.8682475,10.95330335,11.31242805,39433530.0,461322539.32,-3.1746,0.5096,23.182305,1.262499
2023-10-26,sz.001979,10.8682475,10.93440205,10.68868515,10.7926423,10.95330335,25196394.0,286980467.41,-1.4668,0.3256,22.842272,1.24398
2023-10-27,sz.001979,10.7170371,10.78319165,10.3768137,10.61307995,10.7926423,52867258.0,592177277.54,-1.6637,0.6832,22.462234,1.223284
2023-10-30,sz.001979,10.4902215,10.5469254,9.98933705,10.2823072,10.61307995,78872565.0,850214792.02,-3.1167,1.0193,21.762164,1.185158
2023-10-31,sz.001979,10.2823072,10.57527735,10.25395525,10.4335176,10.2823072,52441466.0,576873505.46,1.4706,0.6777,19.70759,1.038197
2023-11-01,sz.001979,10.4146163,10.5091228,10.32956045,10.395715,10.4335176,31901795.0,351410011.92,-0.3623,0.4123,19.636186,1.034436
2023-11-02,sz.001979,10.34846175,10.4902215,10.2445046,10.2634059,10.395715,36662828.0,400845220.62,-1.2727,0.4738,19.386271,1.02127
2023-11-03,sz.001979,10.2823072,10.3579124,10.12164615,10.17835005,10.2634059,33887797.0,366031855.86,-0.8287,0.4379,19.225611,1.012807
2023-11-06,sz.001979,10.19725135,10.57527735,10.15944875,10.44296825,10.17835005,52867526.0,583648550.95,2.5998,0.6832,19.725441,1.039138
2023-11-07,sz.001979,10.4902215,10.63198125,10.29175785,10.3768137,10.44296825,39908361.0,440223267.37,-0.6335,0.5157,19.600484,1.032555
2023-11-08,sz.001979,10.32956045,10.59417865,10.3012085,10.4713202,10.3768137,33472746.0,370295863.44,0.9107,0.4326,19.778995,1.041959
2023-11-09,sz.001979,10.49967215,10.6225306,10.4146163,10.4713202,10.4713202,35652711.0,396127074.79,0.0,0.4607,19.778995,1.041959
2023-11-10,sz.001979,10.42406695,10.4524189,10.206702,10.2823072,10.4713202,27269622.0,296531244.02,-1.8051,0.3524,19.421973,1.023151
2023-11-13,sz.001979,10.25395525,10.32956045,10.12164615,10.2823072,10.2823072,27169161.0,293716459.92,0.0,0.3511,19.421973,1.023151
2023-11-14,sz.001979,10.27285655,10.4902215,10.2634059,10.3768137,10.2823072,34139010.0,374951134.86,0.9191,0.4412,19.600484,1.032555
2023-11-15,sz.001979,10.4902215,10.51857345,10.1688994,10.21615265,10.3768137,53547669.0,583849659.21,-1.5483,0.692,19.297016,1.016568
2023-11-16,sz.001979,10.17835005,10.2634059,9.9042812,10.1878007,10.21615265,44877761.0,480108264.08,-0.2775,0.58,19.243462,1.013747
2023-11-17,sz.001979,10.1310968,10.25395525,10.06494225,10.206702,10.1878007,24065159.0,258714339.13,0.1855,0.311,19.279165,1.015628
2023-11-20,sz.001979,10.2256033,10.27285655,10.0365903,10.06494225,10.206702,40587990.0,433535629.85,-1.3889,0.5245,19.011398,1.001522
2023-11-21,sz.001979,10.14054745,10.4335176,10.10274485,10.2634059,10.06494225,58375552.0,635871193.42,1.9718,0.7544,19.386271,1.02127
2023-11-22,sz.001979,10.206702,10.34846175,10.08384355,10.08384355,10.2634059,32110088.0,347262034.26,-1.7495,0.415,19.047101,1.003403
2023-11-23,sz.001979,10.23505395,10.49967215,10.0554916,10.4902215,10.08384355,73322581.0,804939936.39,4.03,0.9476,19.814697,1.04384
2023-11-24,sz.001979,10.7170371,10.8304449,10.42406695,10.51857345,10.4902215,56186569.0,625877008.52,0.2703,0.7261,19.86825,1.046661
2023-11-27,sz.001979,10.4902215,10.4902215,10.206702,10.4335176,10.51857345,40557900.0,444716101.41,-0.8086,0.5241,19.70759,1.038197
2023-11-28,sz.001979,10.395715,10.42406695,10.23505395,10.2823072,10.4335176,19038875.0,207856926.38,-1.4493,0.246,19.421973,1.023151
2023-11-29,sz.001979,10.2256033,10.38626435,9.87592925,9.9042812,10.2823072,42624538.0,451575823.09,-3.6765,0.5508,18.70793,0.985535
2023-11-30,sz.001979,9.87592925,9.9231825,9.70581755,9.8475773,9.9042812,53838425.0,558003765.46,-0.5725,0.6958,18.600824,0.979893
2023-12-01,sz.001979,9.7341695,9.81922535,9.59240975,9.6963669,9.8475773,42427068.0,434039633.03,-1.5355,0.5483,18.315206,0.964846
2023-12-04,sz.001979,9.64911365,9.7341695,9.36559415,9.42229805,9.6963669,52727524.0,528269066.3,-2.8265,0.6814,17.797525,0.937575
2023-12-05,sz.001979,9.3939461,9.4128474,9.072624,9.0915253,9.42229805,55268545.0,539811799.01,-3.5105,0.7143,17.172737,0.904661
2023-12-06,sz.001979,9.10097595,9.32779155,8.9214136,9.2427357,9.0915253,43484817.0,421533901.0,1.6632,0.562,17.458355,0.919707
2023-12-07,sz.001979,9.19548245,9.3183409,9.15767985,9.19548245,9.2427357,29642397.0,289228930.12,-0.5112,0.3831,17.369099,0.915005
2023-12-08,sz.001979,9.1860318,9.19548245,9.00646945,9.0537227,9.19548245,36833350.0,353661211.5,-1.5416,0.476,17.101333,0.900899
2023-12-11,sz.001979,8.98756815,8.98756815,8.68514735,8.85525905,9.0537227,64358912.0,599039680.3,-2.1921,0.8317,16.72646,0.881151
2023-12-12,sz.001979,8.9970188,9.36559415,8.87416035,9.261637,8.85525905,90751244.0,880131581.14,4.5891,1.1728,17.494057,0.921588
2023-12-13,sz.001979,9.0915253,9.2049331,8.883611,8.93086425,9.261637,51685332.0,491098627.47,-3.5714,0.6679,16.869269,0.888674
2023-12-14,sz.001979,8.93086425,9.072624,8.89306165,8.9025123,8.93086425,26570093.0,252082400.16,-0.3175,0.3434,16.815716,0.885853
2023-12-15,sz.001979,9.0537227,9.36559415,8.98756815,9.10097595,8.9025123,79075480.0,769530160.96,2.2293,1.0219,17.190588,0.905601
2023-12-18,sz.001979,9.072624,9.3561435,8.9403149,9.0915253,9.10097595,51445798.0,499000736.56,-0.1038,0.6648,17.172737,0.904661
2023-12-19,sz.001979,9.0348214,9.11987725,8.8269071,8.9025123,9.0915253,33896861.0,320273090.62,-2.079,0.4381,16.815716,0.885853
2023-12-20,sz.001979,8.9025123,8.9781175,8.7702032,8.7702032,8.9025123,22719197.0,212950311.32,-1.4862,0.2936,16.565801,0.872688
2023-12-21,sz.001979,8.7134993,8.93086425,8.68514735,8.89306165,8.7702032,31577483.0,295053299.32,1.4009,0.4081,16.797865,0.884913
2023-12-22,sz.001979,8.85525905,8.93086425,8.7702032,8.87416035,8.89306165,25044573.0,234634433.07,-0.2125,0.3237,16.762162,0.883032
2023-12-25,sz.001979,8.8647097,8.9592162,8.8080058,8.8458084,8.87416035,22972363.0,215542060.13,-0.3195,0.2969,16.708609,0.880211
2023-12-26,sz.001979,8.81745645,8.9403149,8.6000915,8.6189928,8.8458084,28955711.0,266287112.75,-2.5641,0.3742,16.280183,0.857641
2023-12-27,sz.001979,8.5811902,8.79855515,8.53393695,8.7513019,8.6189928,31415319.0,287926570.84,1.5351,0.406,16.530098,0.870807
2023-12-28,sz.001979,8.694598,9.00646945,8.6378941,8.9781175,8.7513019,33089466.0,310993166.51,2.5918,0.4276,16.958524,0.893376
2023-12-29,sz.001979,8.96866685,9.04427205,8.8458084,9.00646945,8.9781175,34241770.0,324396710.02,0.3158,0.4425,17.012078,0.896197
2024-01-02,sz.001979,9.00646945,9.00646945,8.43943045,8.45833175,9.00646945,103869484.0,941295781.68,-6.086,1.3423,15.976715,0.841654
2024-01-03,sz.001979,8.43943045,8.5433876,8.3732759,8.4299798,8.45833175,50753733.0,453726698.64,-0.3352,0.6559,15.923162,0.838833
2024-01-04,sz.001979,8.3921772,8.4110785,8.1842629,8.28822005,8.4299798,65050674.0,568574082.25,-1.6816,0.8407,15.655396,0.824727
2024-01-05,sz.001979,8.25041745,8.38272655,8.15591095,8.19371355,8.28822005,63175509.0,552245805.93,-1.1403,0.8164,15.476885,0.815323
2024-01-08,sz.001979,8.23151615,8.2598681,7.9952499,8.04250315,8.19371355,52282675.0,447500560.81,-1.8454,0.6757,15.191268,0.800277
2024-01-09,sz.001979,8.04250315,8.2598681,7.96689795,8.1653616,8.04250315,48816850.0,420657547.08,1.5276,0.6309,15.423332,0.812502
2024-01-10,sz.001979,8.11810835,8.2787694,8.0708551,8.1653616,8.1653616,40746097.0,352628063.44,0.0,0.5266,15.423332,0.812502
2024-01-11,sz.001979,8.1464603,8.17481225,7.9952499,8.09920705,8.1653616,48672814.0,415444408.28,-0.8102,0.629,15.298374,0.805919
2024-01-12,sz.001979,8.04250315,8.2031642,8.02360185,8.0708551,8.09920705,40373456.0,346792135.01,-0.3501,0.5218,15.244821,0.803098
2024-01-15,sz.001979,8.06140445,8.19371355,7.938546,8.15591095,8.0708551,43483764.0,372094100.34,1.0539,0.562,15.405481,0.811562
2024-01-16,sz.001979,8.1086577,8.21261485,8.00470055,8.11810835,8.15591095,32580068.0,278899465.06,-0.4635,0.421,15.334076,0.8078
2024-01-17,sz.001979,8.0897564,8.09920705,7.85349015,7.85349015,8.11810835,39463200.0,331828478.07,-3.2596,0.51,14.834246,0.781469
2024-01-18,sz.001979,7.8062369,7.9763486,7.66447715,7.938546,7.85349015,48641871.0,402114464.47,1.083,0.6286,14.994906,0.789933
2024-01-19,sz.001979,7.91019405,8.0897564,7.89129275,7.96689795,7.938546,41514446.0,351031409.86,0.3571,0.5365,15.048459,0.792754
2024-01-22,sz.001979,7.938546,8.0141512,7.64557585,7.70227975,7.96689795,49300336.0,410055852.04,-3.3215,0.6371,14.548629,0.766423
2024-01-23,sz.001979,7.70227975,7.77788495,7.58887195,7.70227975,7.70227975,45143850.0,367673834.87,0.0,0.5834,14.548629,0.766423
2024-01-24,sz.001979,7.74008235,7.9196447,7.66447715,7.9196447,7.70227975,48008927.0,396060702.69,2.8221,0.6204,14.959204,0.788052
2024-01-25,sz.001979,7.9574473,8.4866837,7.92909535,8.4488811,7.9196447,91086052.0,796512637.21,6.6826,1.1771,15.958864,0.840714
2024-01-26,sz.001979,8.43943045,8.7702032,8.42052915,8.6567954,8.4488811,115138244.0,1055216206.73,2.4609,1.488,16.351588,0.861403
2024-01-29,sz.001979,8.883611,9.02537075,8.70404865,8.7702032,8.6567954,102286303.0,962100377.52,1.31,1.3219,16.565801,0.872688
2024-01-30,sz.001979,8.7702032,8.8080058,8.4866837,8.51503565,8.7702032,59822789.0,546737461.08,-2.9095,0.7731,16.083822,0.847297
2024-01-31,sz.001979,8.4677824,8.6189928,8.2409668,8.28822005,8.51503565,58452373.0,517017594.28,-2.6637,0.7554,15.655396,0.824727
2024-02-01,sz.001979,8.17481225,8.38272655,8.1464603,8.17481225,8.28822005,49970868.0,436235676.41,-1.3683,0.6458,15.441183,0.813443
2024-02-02,sz.001979,8.1842629,8.5433876,7.9952499,8.316572,8.17481225,64704781.0,570740739.68,1.7341,0.8362,15.708949,0.827549
2024-02-05,sz.001979,8.21261485,8.25041745,7.8062369,7.8818421,8.316572,70708732.0,597887603.91,-5.2273,0.9138,14.887799,0.78429
2024-02-06,sz.001979,7.81568755,8.3921772,7.74008235,8.30712135,7.8818421,70305481.0,602027323.9,5.3957,0.9086,15.691098,0.826608
2024-02-07,sz.001979,8.26931875,8.2787694,7.9574473,8.09920705,8.30712135,74052354.0,635288116.08,-2.5028,0.957,15.298374,0.805919
2024-02-08,sz.001979,8.19371355,8.6189928,8.19371355,8.6189928,8.09920705,87043822.0,775711520.31,6.4177,1.1249,16.280183,0.857641
2024-02-19,sz.001979,8.6567954,8.6567954,8.2031642,8.4677824,8.6189928,94738062.0,836369659.51,-1.7544,1.2243,15.994566,0.842595
2024-02-20,sz.001979,8.4866837,8.8647097,8.4488811,8.55283825,8.4677824,73652424.0,670270447.73,1.0045,0.9518,16.155226,0.851058
2024-02-21,sz.001979,8.4110785,8.9781175,8.23151615,8.85525905,8.55283825,86481933.0,798402365.57,3.5359,1.1176,16.72646,0.881151
2024-02-22,sz.001979,8.7324006,8.83635775,8.6567954,8.77965385,8.85525905,45515596.0,420725399.39,-0.8538,0.5882,16.583652,0.873628
2024-02-23,sz.001979,8.76075255,8.9403149,8.7324006,8.87416035,8.77965385,54048571.0,506880367.23,1.0764,0.6985,16.762162,0.883032
2024-02-26,sz.001979,8.7891045,8.83635775,8.62844345,8.6756967,8.87416035,44141988.0,407000715.24,-2.2364,0.5705,16.38729,0.863284
2024-02-27,sz.001979,8.60954215,8.8458084,8.59064085,8.8458084,8.6756967,37350656.0,346276658.96,1.9608,0.4827,16.708609,0.880211
2024-02-28,sz.001979,8.85525905,9.02537075,8.694598,8.694598,8.8458084,56255667.0,528101511.58,-1.7094,0.727,16.422992,0.865164
2024-02-29,sz.001979,8.6567954,8.93086425,8.64734475,8.9025123,8.694598,48729666.0,455086742.39,2.3913,0.6297,16.815716,0.885853
2024-03-01,sz.001979,8.89306165,8.9025123,8.6567954,8.7702032,8.9025123,51825737.0,479551846.95,-1.4862,0.6698,16.565801,0.872688
2024-03-04,sz.001979,8.694598,8.70404865,8.34492395,8.4299798,8.7702032,81927389.0,731135876.2,-3.8793,1.0588,15.923162,0.838833
2024-03-05,sz.001979,8.34492395,8.4866837,8.21261485,8.4488811,8.4299798,67362256.0,595213697.71,0.2242,0.8705,15.958864,0.840714
2024-03-06,sz.001979,8.38272655,8.43943045,8.2220655,8.25041745,8.4488811,48242402.0,423315805.09,-2.349,0.6234,15.583991,0.820966
2024-03-07,sz.001979,8.2598681,8.316572,8.1086577,8.1086577,8.25041745,51377715.0,445953941.55,-1.7182,0.664,15.316225,0.80686
2024-03-08,sz.001979,8.0897564,8.1464603,7.938546,7.9952499,8.1086577,47839696.0,405426147.29,-1.3986,0.6182,15.102012,0.795575
2024-03-11,sz.001979,7.9952499,8.25041745,7.98579925,8.25041745,7.9952499,56273444.0,484477856.94,3.1915,0.7272,15.583991,0.820966
2024-03-12,sz.001979,8.38272655,8.89306165,8.2598681,8.7702032,8.25041745,122838135.0,1111016863.88,6.3001,1.5875,16.565801,0.872688
2024-03-13,sz.001979,8.74185125,8.7702032,8.5622889,8.6189928,8.7702032,62630755.0,572828093.89,-1.7241,0.8094,16.280183,0.857641
2024-03-14,sz.001979,8.62844345,9.00646945,8.60954215,8.883611,8.6189928,69446342.0,648455729.88,3.0702,0.8975,16.780014,0.883972
2024-03-15,sz.001979,8.87416035,9.13877855,8.77965385,8.883611,8.883611,54067593.0,510505308.28,0.0,0.6987,16.780014,0.883972
2024-03-18,sz.001979,8.883611,9.072624,8.7134993,8.9970188,8.883611,68646843.0,646092920.21,1.2766,0.8871,16.994227,0.895257
2024-03-19,sz.001979,9.13877855,9.2049331,8.9592162,8.96866685,8.9970188,72395815.0,695380661.17,-0.3151,0.9356,13.606839,0.87178
2024-03-20,sz.001979,8.96866685,9.06317335,8.7891045,8.89306165,8.96866685,48635662.0,457350448.86,-0.843,0.6285,13.492134,0.864431
2024-03-21,sz.001979,8.8647097,9.11987725,8.8458084,8.9592162,8.89306165,45911227.0,436947819.68,0.7439,0.5933,13.592501,0.870861
2024-03-22,sz.001979,8.9214136,8.93086425,8.7702032,8.81745645,8.9592162,39510085.0,369796953.49,-1.5823,0.5106,13.377429,0.857082
2024-03-25,sz.001979,8.8080058,9.2994396,8.72294995,9.0915253,8.81745645,75119451.0,719283132.54,3.1083,0.9708,13.793234,0.883722
2024-03-26,sz.001979,9.072624,9.4695513,9.0159201,9.3750448,9.0915253,86507900.0,846409263.74,3.1185,1.118,14.223376,0.911281
2024-03-27,sz.001979,9.36559415,9.36559415,9.0348214,9.11987725,9.3750448,56987662.0,552256161.45,-2.7218,0.7365,13.836248,0.886478
2024-03-28,sz.001979,9.08207465,9.23328505,9.02537075,9.1293279,9.11987725,49394004.0,477081343.98,0.1036,0.6383,13.850586,0.887396
2024-03-29,sz.001979,9.04427205,9.11987725,8.85525905,8.93086425,9.1293279,42185410.0,400032864.2,-2.1739,0.5452,13.549486,0.868105
2024-04-01,sz.001979,8.883611,9.10097595,8.8647097,8.9592162,8.93086425,48849302.0,462781295.82,0.3175,0.6313,13.592501,0.870861
2024-04-02,sz.001979,8.9403149,8.9403149,8.505585,8.5433876,8.9592162,88258145.0,805827275.09,-4.6414,1.1406,12.961625,0.830441
2024-04-03,sz.001979,8.4866837,8.70404865,8.4677824,8.55283825,8.5433876,50803194.0,462466624.44,0.1106,0.6565,12.975963,0.83136
2024-04-08,sz.001979,8.51503565,8.79855515,8.4866837,8.51503565,8.55283825,57916684.0,527724901.5,-0.442,0.7485,12.918611,0.827685
2024-04-09,sz.001979,8.53393695,8.5433876,8.2598681,8.316572,8.51503565,47292634.0,417458893.64,-2.3307,0.6112,12.617511,0.808394
2024-04-10,sz.001979,8.2976707,8.30712135,7.8629408,7.92909535,8.316572,73670605.0,625365607.79,-4.6591,0.9521,12.02965,0.77073
2024-04-11,sz.001979,7.83458885,8.08030575,7.75898365,7.96689795,7.92909535,48691227.0,408316801.6,0.4768,0.6293,12.087002,0.774405
2024-04-12,sz.001979,7.9196447,8.02360185,7.70227975,7.7306317,7.96689795,43400297.0,358832370.44,-2.9656,0.5609,11.72855,0.751439
2024-04-15,sz.001979,7.68337845,7.9007434,7.60777325,7.81568755,7.7306317,51021085.0,420693030.01,1.1002,0.6594,11.857593,0.759707
2024-04-16,sz.001979,7.7306317,8.06140445,7.62667455,8.00470055,7.81568755,70824124.0,588528921.79,2.4184,0.9153,12.144355,0.778079
2024-04-17,sz.001979,7.91019405,8.08030575,7.8818421,8.0141512,8.00470055,56260007.0,474575664.34,0.1181,0.7271,12.158693,0.778998
2024-04-18,sz.001979,7.938546,8.02360185,7.81568755,7.89129275,8.0141512,48202588.0,404544229.32,-1.533,0.6229,11.972298,0.767056
2024-04-19,sz.001979,7.81568755,7.87239145,7.72118105,7.7873356,7.89129275,43271745.0,356282314.24,-1.3174,0.5592,11.814579,0.756951
2024-04-22,sz.001979,7.7684343,7.83458885,7.182494,7.36205635,7.7873356,175399939.0,1377522196.84,-5.4612,2.1075,11.169365,0.715613
2024-04-23,sz.001979,7.34315505,7.41876025,7.24864855,7.2770005,7.36205635,87762116.0,679319079.78,-1.1553,1.0545,11.040322,0.707345
2024-04-24,sz.001979,7.2770005,7.2959018,7.04073425,7.19194465,7.2770005,86375213.0,651647007.32,-1.1688,1.0378,10.91128,0.699077
2024-04-25,sz.001979,7.1446914,7.36205635,7.11633945,7.28645115,7.19194465,71897879.0,554329337.8,1.3141,0.8639,11.05466,0.708264
2024-04-26,sz.001979,7.26754985,7.85349015,7.21084595,7.81568755,7.28645115,154045532.0,1235501101.12,7.2633,1.8509,11.857593,0.759707
2024-04-29,sz.001979,7.7306317,8.47723305,7.70227975,8.34492395,7.81568755,155453997.0,1349309590.16,6.7715,1.8679,12.660525,0.81115
2024-04-30,sz.001979,8.316572,8.316572,7.9196447,8.00470055,8.34492395,126464692.0,1079327174.77,-4.077,1.5195,12.029336,0.777962
2024-05-06,sz.001979,8.23151615,8.43943045,8.17481225,8.23151615,8.00470055,140678226.0,1234917336.5,2.8335,1.6903,12.370191,0.800006
2024-05-07,sz.001979,8.1653616,8.57173955,8.11810835,8.4677824,8.23151615,112651147.0,999124022.83,2.8703,1.3536,12.725248,0.822969
2024-05-08,sz.001979,8.3921772,8.42052915,8.1464603,8.17481225,8.4677824,64413843.0,562346349.51,-3.4598,0.774,12.284977,0.794495
2024-05-09,sz.001979,8.2409668,8.57173955,8.23151615,8.43943045,8.17481225,98078658.0,874089105.95,3.237,1.1785,12.682641,0.820213
2024-05-10,sz.001979,8.47723305,9.2805383,8.47723305,9.2805383,8.43943045,217217379.0,2059223478.32,9.9664,2.61,13.946645,0.901959
2024-05-13,sz.001979,9.1671305,9.2805383,8.94976555,9.072624,9.2805383,141302386.0,1363003899.76,-2.2403,1.6978,13.634194,0.881752
2024-05-14,sz.001979,9.10097595,9.5262552,9.04427205,9.38449545,9.072624,126528677.0,1246640908.03,3.4375,1.5203,14.10287,0.912062
2024-05-15,sz.001979,9.3372422,10.2823072,9.30889025,9.59240975,9.38449545,190399585.0,1973248126.96,2.2155,2.2878,14.41532,0.932269
2024-05-16,sz.001979,9.5451565,10.15944875,9.38449545,9.85702795,9.59240975,228321888.0,2377074730.47,2.7586,2.7434,14.812984,0.957987
2024-05-17,sz.001979,9.9609851,10.7926423,9.40339675,10.773741,9.85702795,335339741.0,3558009492.94,9.3001,4.0293,16.190606,1.04708
2024-05-20,sz.001979,10.3768137,10.9249514,9.9987877,10.19725135,10.773741,264215509.0,2886204903.99,-5.3509,3.1747,15.324266,0.991053
2024-05-21,sz.001979,10.0932942,10.31065915,9.8853799,9.98933705,10.19725135,144616388.0,1540105181.9,-2.0389,1.7376,15.011816,0.970846
2024-05-22,sz.001979,9.93263315,10.5658267,9.8475773,9.91373185,9.98933705,190148993.0,2041090062.21,-0.7569,2.2847,14.898198,0.963498
2024-05-23,sz.001979,9.7530708,9.87592925,9.63021235,9.7908734,9.91373185,125747911.0,1295005047.17,-1.2393,1.5109,14.713568,0.951557
2024-05-24,sz.001979,9.6774656,9.68691625,9.46010065,9.49790325,9.7908734,77478398.0,783963439.23,-2.9923,0.9309,14.273297,0.923084
2024-05-27,sz.001979,9.4884526,9.6585643,9.23328505,9.6207617,9.49790325,87874467.0,878346470.67,1.2935,1.0559,14.457927,0.935025
2024-05-28,sz.001979,9.7530708,9.89483055,9.40339675,9.4317487,9.6207617,85210612.0,868414210.32,-1.9646,1.0239,14.173881,0.916655
2024-05-29,sz.001979,9.5262552,9.639663,9.40339675,9.5451565,9.4317487,82307156.0,828413833.64,1.2024,0.989,14.344309,0.927677
2024-05-30,sz.001979,9.42229805,9.47900195,9.072624,9.11987725,9.5451565,106718153.0,1042001605.66,-4.4554,1.2823,13.705206,0.886344
2024-05-31,sz.001979,9.11987725,9.34669285,9.08207465,9.11987725,9.11987725,71391296.0,694992455.0,0.0,0.8578,13.705206,0.886344
2024-06-03,sz.001979,9.1293279,9.49790325,9.02537075,9.3372422,9.11987725,86739310.0,852279243.81,2.3834,1.0422,14.031858,0.90747
2024-06-04,sz.001979,9.3561435,9.61131105,9.21438375,9.53570585,9.3372422,93983089.0,941834078.59,2.1255,1.1293,14.330106,0.926758
2024-06-05,sz.001979,9.5073539,9.5073539,9.23328505,9.2427357,9.53570585,47923589.0,473846688.56,-3.0723,0.5758,13.889836,0.898285
2024-06-06,sz.001979,9.2427357,9.4695513,9.1671305,9.3561435,9.2427357,58789239.0,578422319.06,1.227,0.7064,14.060263,0.909307
2024-06-07,sz.001979,9.3183409,9.61131105,9.30889025,9.44119935,9.3561435,58329062.0,584176758.59,0.9091,0.7009,14.188084,0.917573
2024-06-11,sz.001979,9.38449545,9.6774656,9.23328505,9.4884526,9.44119935,74155041.0,746709184.41,0.5005,0.891,14.259095,0.922166
2024-06-12,sz.001979,9.44119935,9.4884526,9.28998895,9.32779155,9.4884526,38271729.0,379034808.73,-1.6932,0.4599,14.017656,0.906551
2024-06-13,sz.001979,9.36559415,9.42229805,9.0915253,9.17658115,9.32779155,47932312.0,465716989.92,-1.6211,0.5759,13.79042,0.891855
2024-06-14,sz.001979,9.0915253,9.5451565,9.0537227,9.45065,9.17658115,60242828.0,596738147.91,2.9866,0.7238,14.202286,0.918492
2024-06-17,sz.001979,9.3561435,9.38449545,9.0348214,9.1860318,9.45065,56494621.0,548211067.48,-2.8,0.6788,13.804622,0.892774
2024-06-18,sz.001979,9.1482292,9.32779155,9.02537075,9.10097595,9.1860318,45375315.0,439107181.32,-0.9259,0.5452,13.676801,0.884507
2024-06-19,sz.001979,9.06317335,9.10097595,8.79855515,8.883611,9.10097595,66806574.0,630246151.31,-2.3884,0.8027,13.350149,0.863382
2024-06-20,sz.001979,8.83635775,8.85525905,8.5622889,8.60954215,8.883611,64267799.0,588927559.96,-3.0851,0.7722,12.938282,0.836746
2024-06-21,sz.001979,8.64734475,8.694598,8.5622889,8.64734475,8.60954215,56289859.0,514482405.02,0.4391,0.6764,12.995092,0.84042
2024-06-24,sz.001979,8.55283825,8.5622889,8.3543746,8.38272655,8.64734475,53650000.0,479532213.2,-3.0601,0.6446,12.597428,0.814702
2024-06-25,sz.001979,8.38272655,8.83635775,8.2598681,8.6567954,8.38272655,81783077.0,743293407.91,3.2694,0.9827,13.009294,0.841338
2024-06-26,sz.001979,8.55283825,8.64734475,8.4866837,8.5622889,8.6567954,39318648.0,356149311.14,-1.0917,0.4724,12.867271,0.832153
2024-06-27,sz.001979,8.57173955,8.68514735,8.316572,8.316572,8.5622889,54777702.0,491325512.02,-2.8698,0.6582,12.498012,0.808273
2024-06-28,sz.001979,8.30712135,8.5622889,8.26931875,8.30712135,8.316572,53734686.0,476851115.5,-0.1136,0.6457,12.483809,0.807354
2024-07-01,sz.001979,8.2787694,9.0348214,8.2787694,8.94976555,8.30712135,101668800.0,944351162.41,7.7361,1.2216,13.449565,0.869812
2024-07-02,sz.001979,8.85525905,9.1293279,8.72294995,8.7513019,8.94976555,60978602.0,576459421.64,-2.2175,0.7327,13.151317,0.850523
2024-07-03,sz.001979,8.7702032,9.1293279,8.62844345,8.91196295,8.7513019,79165333.0,748211941.33,1.8359,0.9512,13.392756,0.866138
2024-07-04,sz.001979,8.9025123,8.93086425,8.62844345,8.64734475,8.91196295,46381008.0,428384211.8,-2.9692,0.5573,12.995092,0.84042
2024-07-05,sz.001979,8.6189928,8.7134993,8.42052915,8.51503565,8.64734475,42075672.0,380578221.88,-1.5301,0.5056,12.79626,0.827561
2024-07-08,sz.001979,8.49613435,8.5811902,8.21261485,8.25041745,8.51503565,50095036.0,441174431.55,-3.1077,0.6019,12.398596,0.801843
2024-07-09,sz.001979,8.23151615,8.32602265,8.15591095,8.2598681,8.25041745,42155939.0,368081750.57,0.1145,0.5065,12.412798,0.802762
2024-07-10,sz.001979,8.127559,8.30712135,7.98579925,8.2031642,8.2598681,48102095.0,415970694.49,-0.6865,0.578,12.327584,0.797251
2024-07-11,sz.001979,8.28822005,8.36382525,8.2031642,8.32602265,8.2031642,45502339.0,399178480.82,1.4977,0.5467,12.512214,0.809191
2024-07-12,sz.001979,8.32602265,9.02537075,8.32602265,8.77965385,8.32602265,122905120.0,1145070158.53,5.4484,1.4768,13.193924,0.853279
2024-07-15,sz.001979,8.8269071,8.98756815,8.7134993,8.7513019,8.77965385,56013804.0,522921825.21,-0.3229,0.673,13.151317,0.850523
2024-07-16,sz.001979,8.70404865,9.0915253,8.6000915,8.93086425,8.7513019,71399337.0,672240930.55,2.0518,0.8579,13.42116,0.867975
2024-07-17,sz.001979,8.9214136,9.34669285,8.91196295,9.0537227,8.93086425,69473129.0,674345466.0,1.3757,0.8348,13.60579,0.879915
2024-07-18,sz.001979,9.06317335,9.3372422,8.9781175,9.28998895,9.0537227,62335541.0,604221394.32,2.6096,0.749,13.960847,0.902877
2024-07-19,sz.001979,9.2238344,9.2427357,8.9025123,8.98756815,9.28998895,60670230.0,577297771.98,-3.2553,0.729,13.506374,0.873486
2024-07-22,sz.001979,9.00646945,9.0348214,8.7702032,8.83635775,8.98756815,59754085.0,561057188.6,-1.6824,0.718,13.279137,0.85879
2024-07-23,sz.001979,8.8852794,8.9635638,8.7287106,8.7287106,8.83635165,48040129.0,434941344.85,-1.2182,0.5772,12.668439,0.819295
2024-07-24,sz.001979,8.69935395,8.8265661,8.3372886,8.38621635,8.7287106,71669183.0,622130702.88,-3.9238,0.8611,12.171359,0.787147
2024-07-25,sz.001979,8.3764308,8.7482817,8.36664525,8.5525707,8.38621635,47773133.0,417028903.83,1.9837,0.574,12.412798,0.802762
2024-07-26,sz.001979,8.48407185,8.7091395,8.3764308,8.5134285,8.5525707,54526252.0,473524636.4,-0.4577,0.6552,12.355989,0.799088
2024-07-29,sz.001979,8.3960019,8.42535855,7.93608105,8.024151,8.5134285,99755177.0,821977832.26,-5.7471,1.1986,13.305926,0.753163
2024-07-30,sz.001979,7.95565215,8.1415776,7.9458666,8.0437221,8.024151,53973145.0,443275948.24,0.2439,0.6485,13.338379,0.755
2024-07-31,sz.001979,8.01436545,8.64064065,7.93608105,8.60149845,8.0437221,105684561.0,902468675.07,6.9343,1.2699,14.263303,0.807354
2024-08-01,sz.001979,8.56235625,8.62106955,8.24921865,8.2785753,8.60149845,63200860.0,541345407.77,-3.7543,0.7594,13.727821,0.777044
2024-08-02,sz.001979,8.2002909,8.3960019,8.1807198,8.2394331,8.2785753,51083636.0,432581196.68,-0.4728,0.6138,13.662914,0.77337
2024-08-05,sz.001979,8.17093425,8.75806725,8.15136315,8.3960019,8.2394331,107598627.0,938523494.25,1.9002,1.2929,13.922542,0.788066
2024-08-06,sz.001979,8.44492965,8.7091395,8.44492965,8.64064065,8.3960019,68670778.0,602634820.41,2.9138,0.8251,14.32821,0.811028
2024-08-07,sz.001979,8.5721418,8.806995,8.3960019,8.69935395,8.64064065,77446092.0,681651058.4,0.6795,0.9306,14.425571,0.816539
2024-08-08,sz.001979,8.77763835,9.002706,8.54278515,8.7287106,8.69935395,87878420.0,786116717.61,0.3375,1.0559,14.474251,0.819295
2024-08-09,sz.001979,8.6308551,9.09077595,8.5917129,8.87549385,8.7287106,83362994.0,761739833.67,1.6816,1.0017,14.717652,0.833072
2024-08-12,sz.001979,8.806995,8.87549385,8.5525707,8.58192735,8.87549385,43689324.0,385668856.98,-3.3076,0.525,14.23085,0.805517
2024-08-13,sz.001979,8.54278515,8.67978285,8.48407185,8.62106955,8.58192735,35940843.0,315241152.98,0.4561,0.4318,14.295757,0.809191
2024-08-14,sz.001979,8.611284,8.66021175,8.46450075,8.52321405,8.62106955,28659273.0,249997074.37,-1.1351,0.3444,14.133489,0.800006
2024-08-15,sz.001979,8.50364295,8.73849615,8.42535855,8.6699973,8.52321405,40467556.0,356736915.14,1.7222,0.4862,14.37689,0.813784
2024-08-16,sz.001979,8.6699973,8.77763835,8.56235625,8.66021175,8.6699973,30532935.0,270692274.52,-0.1129,0.3669,14.360664,0.812865
2024-08-19,sz.001979,8.611284,8.8461372,8.58192735,8.69935395,8.66021175,38210310.0,341114703.16,0.452,0.4591,14.425571,0.816539
2024-08-20,sz.001979,8.6895684,8.7482817,8.58192735,8.6504262,8.69935395,27158920.0,239841897.4,-0.5624,0.3263,14.344437,0.811947
2024-08-21,sz.001979,8.611284,8.8461372,8.4938574,8.79720945,8.6504262,39746089.0,353501681.43,1.6968,0.4776,14.587838,0.825724
2024-08-22,sz.001979,8.8265661,9.002706,8.81678055,8.9048505,8.79720945,45234974.0,411943820.12,1.2236,0.5435,14.766332,0.835827
2024-08-23,sz.001979,8.8852794,9.12991815,8.81678055,9.05163375,8.9048505,44937140.0,413475088.35,1.6484,0.5399,15.009733,0.849605
2024-08-26,sz.001979,9.05163375,9.26691585,8.95377825,9.20820255,9.05163375,43413270.0,406371198.92,1.7297,0.5216,15.269361,0.864301
2024-08-27,sz.001979,9.14948925,9.198417,8.81678055,8.8852794,9.20820255,45515698.0,416256951.22,-3.5069,0.5469,14.733879,0.83399
2024-08-28,sz.001979,8.83635165,8.91463605,8.60149845,8.6308551,8.8852794,37358161.0,333953714.55,-2.8634,0.4489,14.311983,0.81011
2024-08-29,sz.001979,8.56235625,8.75806725,8.5134285,8.69935395,8.6308551,31019417.0,275005927.6,0.7937,0.3727,14.425571,0.816539
2024-08-30,sz.001979,8.66021175,9.52134015,8.6504262,9.03206265,8.69935395,97410272.0,913489787.2,3.8245,1.1704,14.97728,0.847768
2024-09-02,sz.001979,8.91463605,8.9439927,8.6308551,8.64064065,9.03206265,59701540.0,533303923.94,-4.3337,0.7173,14.32821,0.826856
2024-09-03,sz.001979,8.5721418,8.93420715,8.5329996,8.85592275,8.64064065,53918444.0,485408513.69,2.4915,0.6479,14.685198,0.847458
2024-09-04,sz.001979,8.7678528,9.0614193,8.5917129,8.611284,8.85592275,50990851.0,457424242.51,-2.7624,0.6127,14.27953,0.824047
2024-09-05,sz.001979,8.7091395,8.93420715,8.64064065,8.83635165,8.611284,46212458.0,415181492.8,2.6136,0.5553,14.652745,0.845585
2024-09-06,sz.001979,8.77763835,8.85592275,8.7091395,8.73849615,8.83635165,25338789.0,227125396.64,-1.1074,0.3045,14.490478,0.836221
2024-09-09,sz.001979,8.6895684,8.75806725,8.5134285,8.62106955,8.73849615,26650253.0,234995087.78,-1.3438,0.3202,14.295757,0.824984
2024-09-10,sz.001979,8.6308551,8.69935395,8.219862,8.3764308,8.62106955,49076402.0,421320680.36,-2.8377,0.5897,13.890088,0.801573
2024-09-11,sz.001979,8.2981464,8.66021175,8.2394331,8.56235625,8.3764308,41956921.0,365294180.56,2.2196,0.5041,14.198396,0.819365
2024-09-12,sz.001979,8.54278515,8.6699973,8.4351441,8.4547152,8.56235625,25256169.0,220113435.62,-1.2571,0.3035,14.019902,0.809065
2024-09-13,sz.001979,8.50364295,8.6699973,8.4351441,8.62106955,8.4547152,34611041.0,304147579.22,1.9676,0.4159,14.295757,0.824984
2024-09-18,sz.001979,8.66021175,9.1592748,8.62106955,8.99292045,8.62106955,55619203.0,504443376.26,4.3133,0.6683,14.912373,0.860567
2024-09-19,sz.001979,9.05163375,9.46262685,9.05163375,9.2962725,8.99292045,79763796.0,754471809.29,3.3732,0.9584,15.415402,0.889596
2024-09-20,sz.001979,9.01249155,9.4528413,9.002706,9.3745569,9.2962725,68180034.0,645275212.39,0.8421,0.8192,15.545216,0.897088
2024-09-23,sz.001979,9.2767014,9.56048235,9.2375592,9.44305575,9.3745569,50545860.0,488089373.49,0.7307,0.6073,15.658803,0.903643
2024-09-24,sz.001979,9.7659789,9.89319105,9.12991815,9.4724124,9.44305575,114904391.0,1106234834.11,0.3109,1.3806,15.707483,0.906452
2024-09-25,sz.001979,9.394128,9.8834055,9.32562915,9.394128,9.4724124,124678960.0,1224675994.27,-0.8264,1.4981,15.577669,0.898961
2024-09-26,sz.001979,9.2767014,10.3335408,9.24734475,10.3335408,9.394128,182122327.0,1844100861.24,10.0,2.1883,17.135436,0.988857
2024-09-27,sz.001979,10.6075362,11.12617035,10.44118185,10.9793871,10.3335408,209169698.0,2298050939.71,6.25,2.5133,18.206401,1.05066
2024-09-30,sz.001979,11.8405155,12.0362265,11.08702815,11.98729875,10.9793871,264637646.0,3151071961.4,9.18,3.1798,19.877755,1.147111
2024-10-08,sz.001979,13.1322081,13.1517792,11.0576715,11.69373225,11.98729875,391585582.0,4763324861.01,-2.449,4.7051,19.390953,1.119019
2024-10-09,sz.001979,11.08702815,11.10659925,10.5292518,10.5292518,11.69373225,170807358.0,1856502798.28,-9.9582,2.0523,17.459971,1.007585
2024-10-10,sz.001979,10.28461305,10.65646395,9.87361995,10.2356853,10.5292518,211524237.0,2219725790.91,-2.7881,2.5416,16.973169,0.979492
2024-10-11,sz.001979,10.10847315,10.65646395,10.0595454,10.40203965,10.2356853,143549337.0,1519771318.78,1.6252,1.7248,17.249023,0.995412
2024-10-14,sz.001979,10.71517725,11.0772426,10.568394,10.9206738,10.40203965,204980571.0,2277061211.73,4.9859,2.463,18.10904,1.045042
2024-10-15,sz.001979,10.764105,11.10659925,10.6075362,10.79346165,10.9206738,121877987.0,1355986838.46,-1.1649,1.4644,17.898093,1.032868
2024-10-16,sz.001979,10.959816,11.2925247,10.77389055,11.1946692,10.79346165,189682334.0,2136490644.09,3.7171,2.2791,18.563389,1.071261
2024-10-17,sz.001979,11.30231025,11.30231025,10.38246855,10.3922541,11.1946692,156640908.0,1723142900.2,-7.1678,1.8821,17.232796,0.994475
2024-10-18,sz.001979,10.26504195,10.71517725,10.0008321,10.51946625,10.3922541,130717141.0,1377330136.87,1.2241,1.5706,17.443744,1.006649
2024-10-21,sz.001979,10.91088825,11.00874375,10.6662495,10.8619605,10.51946625,141964623.0,1573746498.63,3.2558,1.7058,18.01168,1.039423
2024-10-22,sz.001979,10.764105,11.00874375,10.71517725,10.83260385,10.8619605,94621562.0,1047888251.9,-0.2703,1.1369,17.963,1.036614
2024-10-23,sz.001979,10.81303275,10.93045935,10.73474835,10.8423894,10.83260385,99214536.0,1098743302.39,0.0903,1.1921,17.979226,1.03755
2024-10-24,sz.001979,10.81303275,10.93045935,10.6271073,10.6466784,10.8423894,89478854.0,984429098.96,-1.8051,1.0751,17.654692,1.018822
2024-10-25,sz.001979,10.61732175,10.95003045,10.5879651,10.7053917,10.6466784,98640854.0,1087667184.67,0.5515,1.1852,17.752052,1.024441
2024-10-28,sz.001979,10.71517725,11.0185293,10.6271073,10.9206738,10.7053917,113384591.0,1262471030.18,2.011,1.3624,18.10904,1.045042
2024-10-29,sz.001979,10.8815316,11.2338114,10.6662495,10.6858206,10.9206738,116004673.0,1289411846.93,-2.1505,1.3939,17.719599,1.022568
2024-10-30,sz.001979,10.65646395,10.8815316,10.59775065,10.75431945,10.6858206,89003347.0,979313318.56,0.641,1.0694,17.833186,1.029123
2024-10-31,sz.001979,10.69560615,11.5078068,10.568394,11.04788595,10.75431945,186856300.0,2118137718.93,2.7298,2.2452,19.85954,1.046225
2024-11-01,sz.001979,11.1750981,11.59587675,11.08702815,11.32188135,11.04788595,161497624.0,1872418193.63,2.4801,1.9405,20.352071,1.072172
2024-11-04,sz.001979,11.546949,11.546949,10.98917265,11.3316669,11.32188135,117930956.0,1351799103.91,0.0864,1.417,20.369661,1.073099
2024-11-05,sz.001979,11.3316669,11.83072995,11.20445475,11.6056623,11.3316669,194790609.0,2300511360.41,2.418,2.3405,20.862192,1.099046
2024-11-06,sz.001979,11.65459005,12.721215,11.38059465,12.134082,11.6056623,249111698.0,3017618576.22,4.5531,2.9932,21.812072,1.149087
2024-11-07,sz.001979,11.8405155,12.4667907,11.8405155,12.4080774,12.134082,242687118.0,3023467857.3,2.2581,2.916,22.304603,1.175034
2024-11-08,sz.001979,12.5450751,12.59400285,11.71330335,11.75244555,12.4080774,232451061.0,2857033143.07,-5.2839,2.793,21.126047,1.112946
2024-11-11,sz.001979,11.5860912,11.69373225,11.34145245,11.55673455,11.75244555,138710205.0,1629273269.51,-1.6653,1.6667,20.77424,1.094413
2024-11-12,sz.001979,11.55673455,11.7818022,11.351238,11.4882357,11.55673455,119532734.0,1412218597.15,-0.5927,1.4363,20.651107,1.087926
2024-11-13,sz.001979,11.4099513,11.5665201,11.30231025,11.41973685,11.4882357,68052029.0,793929871.39,-0.5963,0.8177,20.527974,1.081439
2024-11-14,sz.001979,11.59587675,11.6448045,10.9793871,10.9793871,11.41973685,129615410.0,1492692772.5,-3.856,1.5574,19.736407,1.039738
2024-11-15,sz.001979,10.89131715,11.00874375,10.568394,10.57817955,10.9793871,100791061.0,1109985848.66,-3.6542,1.2111,19.015202,1.001744
2024-11-18,sz.001979,10.7053917,10.95003045,10.59775065,10.6858206,10.57817955,99148401.0,1093598127.43,1.0176,1.1913,19.208696,1.011938
2024-11-19,sz.001979,10.67603505,10.69560615,10.4313963,10.69560615,10.6858206,80910762.0,873457323.86,0.0916,0.9722,19.226286,1.012864
2024-11-20,sz.001979,10.6271073,10.8032472,10.568394,10.7836761,10.69560615,73642501.0,805041769.73,0.8234,0.8849,19.3846,1.021205
2024-11-21,sz.001979,10.7249628,10.81303275,10.6075362,10.6662495,10.7836761,55161637.0,602579243.73,-1.0889,0.6628,19.173515,1.010084
2024-11-22,sz.001979,10.5879651,10.7053917,10.28461305,10.30418415,10.6662495,69402765.0,745881093.15,-3.3945,0.8339,18.522671,0.975797
2024-11-25,sz.001979,10.32375525,10.5879651,10.1574009,10.4313963,10.30418415,77811618.0,824305970.45,1.2346,0.935,18.751346,0.987844
2024-11-26,sz.001979,10.38246855,11.04788595,10.372683,10.8228183,10.4313963,125499150.0,1381621954.55,3.7523,1.5079,19.454961,1.024911
2024-11-27,sz.001979,10.764105,11.2533825,10.6662495,11.14574145,10.8228183,130805112.0,1479188040.15,2.9837,1.5717,20.035444,1.055492
2024-11-28,sz.001979,11.0576715,12.10472535,11.0381004,11.546949,11.14574145,236328719.0,2798815274.27,3.5996,2.8396,20.756649,1.093486
2024-11-29,sz.001979,11.3708091,11.71330335,11.2925247,11.5273779,11.546949,153702697.0,1809099880.65,-0.1695,1.8468,20.721469,1.091632
2024-12-02,sz.001979,11.43930795,12.14386755,11.4099513,11.83072995,11.5273779,198364482.0,2373020247.24,2.6316,2.3835,21.26677,1.12036
2024-12-03,sz.001979,11.74266,11.9187999,11.546949,11.59587675,11.83072995,158319499.0,1891274933.92,-1.9851,1.9023,20.844601,1.098119
2024-12-04,sz.001979,11.5273779,11.5860912,11.16531255,11.2142403,11.59587675,125863648.0,1461372479.52,-3.2911,1.5123,20.158576,1.061979
2024-12-05,sz.001979,11.14574145,11.22402585,10.9793871,11.10659925,11.2142403,104246935.0,1180614869.69,-0.9599,1.2526,19.965082,1.051785
2024-12-06,sz.001979,11.0968137,11.22402585,11.0381004,11.12617035,11.10659925,90524021.0,1030236024.18,0.1762,1.0877,20.000263,1.053638
2024-12-09,sz.001979,11.06745705,11.10659925,10.8228183,10.8815316,11.12617035,91501612.0,1022005129.32,-2.1988,1.0994,19.560503,1.030471
2024-12-10,sz.001979,11.3708091,11.4490935,10.9402449,10.9793871,10.8815316,151686457.0,1741327006.2,0.8993,1.8226,19.736407,1.039738
2024-12-11,sz.001979,10.9206738,11.155527,10.8228183,10.9989582,10.9793871,83364155.0,938206078.79,0.1783,1.0017,19.771588,1.041592
2024-12-12,sz.001979,10.9793871,11.04788595,10.8619605,11.00874375,10.9989582,90155202.0,1008520285.59,0.089,1.0833,19.789178,1.042518
2024-12-13,sz.001979,10.91088825,10.93045935,10.6466784,10.65646395,11.00874375,114410361.0,1254988657.64,-3.2,1.3747,19.155925,1.009158
2024-12-16,sz.001979,10.67603505,10.764105,10.4901096,10.55860845,10.65646395,65261476.0,707431372.0,-0.9183,0.7842,18.980021,0.999891
2024-12-17,sz.001979,10.5292518,10.59775065,10.3922541,10.40203965,10.55860845,59364474.0,636752271.89,-1.4829,0.7133,18.698575,0.985064
2024-12-18,sz.001979,10.4705385,10.5096807,10.38246855,10.4313963,10.40203965,53081698.0,566704222.87,0.2822,0.6378,18.751346,0.987844
2024-12-19,sz.001979,10.2748275,10.42161075,10.26504195,10.42161075,10.4313963,58117577.0,613196962.46,-0.0938,0.6983,18.733756,0.986917
2024-12-20,sz.001979,10.40203965,10.4901096,10.34332635,10.4509674,10.42161075,45814184.0,488260981.2,0.2817,0.5505,18.786527,0.989697
2024-12-23,sz.001979,10.4509674,10.48032405,10.1378298,10.1574009,10.4509674,70570061.0,740911293.25,-2.809,0.8479,18.258815,0.961897
2024-12-24,sz.001979,10.12804425,10.22589975,10.10847315,10.20632865,10.1574009,48676201.0,505911203.62,0.4817,0.5849,18.346767,0.96653
2024-12-25,sz.001979,10.1965431,10.22589975,9.9029766,10.01061765,10.20632865,73049130.0,746935306.88,-1.9175,0.8777,17.99496,0.947997
2024-12-26,sz.001979,9.97147545,10.0204032,9.91276215,9.93233325,10.01061765,52223813.0,531141765.52,-0.782,0.6275,17.854236,0.940583
2024-12-27,sz.001979,9.93233325,10.16718645,9.93233325,10.12804425,9.93233325,70052815.0,720766393.49,1.9704,0.8417,18.206044,0.959117
2024-12-30,sz.001979,10.0595454,10.06933095,9.9421188,9.981261,10.12804425,56360192.0,574741868.58,-1.4493,0.6772,17.942188,0.945217
2024-12-31,sz.001979,10.0008321,10.3531119,9.99104655,10.0204032,9.981261,114074196.0,1184632775.86,0.3922,1.3707,18.01255,0.948923
2025-01-02,sz.001979,10.0986876,10.32375525,9.6681234,9.77576445,10.0204032,108782608.0,1112776108.21,-2.4414,1.3071,17.57279,0.925756
2025-01-03,sz.001979,9.73662225,9.85404885,9.5311257,9.58005345,9.77576445,72842213.0,720172777.49,-2.002,0.8752,17.220983,0.907223
2025-01-06,sz.001979,9.50176905,9.6289812,9.4136991,9.61919565,9.58005345,51946428.0,506266141.63,0.4086,0.6242,17.291344,0.910929
2025-01-07,sz.001979,9.589839,9.65833785,9.4332702,9.6485523,9.61919565,47818228.0,467849060.22,0.3052,0.5746,17.344115,0.913709
2025-01-08,sz.001979,9.589839,9.6289812,9.36477135,9.5702679,9.6485523,55544980.0,539809858.99,-0.8114,0.6674,17.203392,0.906296
2025-01-09,sz.001979,9.52134015,9.8246922,9.5115546,9.7268367,9.5702679,60478656.0,600571663.21,1.636,0.7267,17.484838,0.921123
2025-01-10,sz.001979,9.71705115,9.85404885,9.61919565,9.61919565,9.7268367,44085141.0,438729495.56,-1.1066,0.5297,17.291344,0.910929
2025-01-13,sz.001979,9.56048235,9.93233325,9.4919835,9.87361995,9.61919565,69746004.0,698818429.83,2.645,0.838,17.748694,0.935023
2025-01-14,sz.001979,9.9029766,10.03018875,9.83447775,10.0008321,9.87361995,61424757.0,625340558.41,1.2884,0.7381,17.977369,0.94707
2025-01-15,sz.001979,9.981261,9.99104655,9.8246922,9.87361995,10.0008321,42811277.0,432250822.5,-1.272,0.5144,17.748694,0.935023
2025-01-16,sz.001979,9.87361995,9.99104655,9.7659789,9.8246922,9.87361995,44251422.0,446595132.67,-0.4955,0.5317,17.660742,0.93039
2025-01-17,sz.001979,9.63876675,10.16718645,9.589839,9.99104655,9.8246922,99911131.0,1015466010.52,1.6932,1.2005,17.959779,0.946143
2025-01-20,sz.001979,9.9616899,10.0595454,9.8638344,9.9421188,9.99104655,43300037.0,441155674.93,-0.4897,0.5203,17.871827,0.94151
2025-01-21,sz.001979,9.97147545,10.26504195,9.81490665,10.0008321,9.9421188,95967476.0,988294815.79,0.5906,1.1531,17.977369,0.94707
2025-01-22,sz.001979,9.9029766,9.95190435,9.58005345,9.6094101,10.0008321,78587835.0,781717733.58,-3.9139,0.9443,17.273754,0.910003
2025-01-23,sz.001979,9.7072656,9.9225477,9.65833785,9.71705115,9.6094101,74819105.0,747557058.25,1.1202,0.899,17.467248,0.920196
2025-01-24,sz.001979,9.6876945,9.79533555,9.6485523,9.71705115,9.71705115,41705055.0,414465110.1,0.0,0.5011,17.467248,0.920196
2025-01-27,sz.001979,9.7464078,9.87361995,9.5702679,9.5702679,9.71705115,44968704.0,447059592.84,-1.5106,0.5403,17.203392,0.906296
2025-02-05,sz.001979,9.61919565,9.61919565,9.3745569,9.44305575,9.5702679,51177702.0,493213681.63,-1.3292,0.6149,16.974717,0.894249
2025-02-06,sz.001979,9.40391355,9.54091125,9.3745569,9.4919835,9.44305575,40425619.0,390673186.6,0.5181,0.4857,17.062669,0.898882
2025-02-07,sz.001979,9.4724124,9.7268367,9.44305575,9.61919565,9.4919835,73810841.0,726522487.72,1.3402,0.8869,17.291344,0.910929
2025-02-10,sz.001979,9.58005345,9.7072656,9.52134015,9.6289812,9.61919565,72605718.0,712842898.34,0.1017,0.8724,17.308935,0.911856
2025-02-11,sz.001979,9.6289812,9.65833785,9.3745569,9.40391355,9.6289812,84634914.0,816679675.05,-2.3374,1.0169,16.904356,0.890542
2025-02-12,sz.001979,9.38434245,9.589839,9.198417,9.589839,9.40391355,124807781.0,1194143674.0,1.9771,1.4996,17.238573,0.908149
2025-02-13,sz.001979,9.4919835,9.69748005,9.44305575,9.50176905,9.589839,115241288.0,1129189407.06,-0.9184,1.3847,17.08026,0.899809
2025-02-14,sz.001979,9.50176905,9.5311257,9.38434245,9.4724124,9.50176905,55239134.0,532974752.75,-0.309,0.6637,17.027489,0.897029
2025-02-17,sz.001979,9.46262685,9.63876675,9.42348465,9.59962455,9.4724124,75887407.0,741283096.24,1.343,0.9118,17.256164,0.909076
2025-02-18,sz.001979,9.5702679,9.59962455,9.2767014,9.28648695,9.59962455,74953380.0,720819808.96,-3.262,0.9006,16.693271,0.879422
2025-02-19,sz.001979,9.2571303,9.3354147,9.1788459,9.3158436,9.28648695,54033339.0,511711512.79,0.3161,0.6492,16.746042,0.882202
2025-02-20,sz.001979,9.2767014,9.2962725,9.14948925,9.1592748,9.3158436,55328793.0,519586694.41,-1.6807,0.6648,16.464596,0.867375
2025-02-21,sz.001979,9.16906035,9.2375592,9.0614193,9.1005615,9.1592748,78824137.0,735975573.18,-0.641,0.9471,16.359054,0.861815
2025-02-24,sz.001979,9.11034705,9.46262685,9.0614193,9.4136991,9.1005615,133744082.0,1276775228.83,3.4409,1.607,16.921946,0.891469
2025-02-25,sz.001979,9.34520025,9.4528413,9.26691585,9.38434245,9.4136991,52098747.0,499296406.05,-0.3119,0.626,16.869175,0.888689
2025-02-26,sz.001979,9.394128,9.589839,9.394128,9.58005345,9.38434245,83543365.0,813087992.02,2.0855,1.0038,17.220983,0.907223
2025-02-27,sz.001979,9.54091125,9.83447775,9.52134015,9.7268367,9.58005345,89404786.0,888945524.04,1.5322,1.0743,17.484838,0.921123
2025-02-28,sz.001979,9.6876945,9.83447775,9.58005345,9.6094101,9.7268367,84323350.0,837158640.27,-1.2072,1.0132,17.273754,0.910003
2025-03-03,sz.001979,9.65833785,9.8834055,9.6485523,9.78555,9.6094101,73401285.0,734011929.26,1.833,0.882,22.435745,0.926683
2025-03-04,sz.001979,9.7268367,9.7659789,9.5311257,9.7072656,9.78555,49333534.0,486111779.81,-0.8,0.5928,22.256259,0.919269
2025-03-05,sz.001979,9.6876945,9.6876945,9.38434245,9.5311257,9.7072656,66388793.0,644726434.47,-1.8145,0.7977,21.852415,0.902589
2025-03-06,sz.001979,9.54091125,9.8051211,9.4919835,9.75619335,9.5311257,80275797.0,792169139.61,2.3614,0.9646,22.368438,0.923903
2025-03-07,sz.001979,9.6876945,9.6876945,9.5115546,9.5311257,9.75619335,54455869.0,532892641.8,-2.3069,0.6543,21.852415,0.902589
2025-03-10,sz.001979,9.5702679,9.5702679,9.3354147,9.3549858,9.5311257,58114620.0,559044653.56,-1.848,0.6983,21.448572,0.885909
2025-03-11,sz.001979,9.28648695,9.2962725,9.198417,9.2767014,9.3549858,51352612.0,484667432.04,-0.8368,0.617,21.269086,0.878495
2025-03-12,sz.001979,9.2767014,9.28648695,9.18863145,9.22777365,9.2767014,40168415.0,379296964.72,-0.5274,0.4826,21.156907,0.873862
2025-03-13,sz.001979,9.22777365,9.2571303,9.1592748,9.22777365,9.22777365,43765874.0,411926911.17,0.0,0.5259,21.156907,0.873862
2025-03-14,sz.001979,9.2375592,9.40391355,9.2179881,9.394128,9.22777365,75378354.0,719540712.4,1.8028,0.9057,21.538315,0.889616
2025-03-17,sz.001979,9.4136991,9.56048235,9.40391355,9.4919835,9.394128,63589347.0,616716267.47,1.0417,0.7641,21.762672,0.898882
2025-03-18,sz.001979,9.4919835,9.5115546,9.394128,9.44305575,9.4919835,48212339.0,464940491.16,-0.5155,0.5793,21.650494,0.883411
2025-03-19,sz.001979,9.44305575,9.44305575,9.3354147,9.36477135,9.44305575,40705154.0,389923139.16,-0.829,0.4891,21.471008,0.876087
2025-03-20,sz.001979,9.36477135,9.4136991,9.2571303,9.2767014,9.36477135,43875255.0,418496837.48,-0.9404,0.5272,21.269086,0.867848
2025-03-21,sz.001979,9.2571303,9.2962725,9.198417,9.2571303,9.2767014,47255380.0,446089717.25,-0.211,0.5678,21.224215,0.866017
2025-03-24,sz.001979,9.2375592,9.30605805,9.14948925,9.18863145,9.2571303,51478735.0,484996329.39,-0.74,0.6185,21.067165,0.859609
2025-03-25,sz.001979,9.198417,9.2767014,9.12991815,9.2375592,9.18863145,36077777.0,339594926.38,0.5325,0.4335,21.179343,0.864186
2025-03-26,sz.001979,9.2179881,9.32562915,9.20820255,9.22777365,9.2375592,36589800.0,346467122.19,-0.1059,0.4396,21.156908,0.863271
2025-03-27,sz.001979,9.20820255,9.3158436,9.1397037,9.2767014,9.22777365,45156544.0,426489128.21,0.5302,0.5426,21.269086,0.867848
2025-03-28,sz.001979,9.2571303,9.3549858,9.2375592,9.32562915,9.2767014,42699274.0,406349713.31,0.5274,0.5131,21.381265,0.872425
2025-03-31,sz.001979,9.3158436,9.32562915,8.95377825,8.97334935,9.32562915,78615262.0,729835013.07,-3.7775,0.9446,20.573578,0.839469
2025-04-01,sz.001979,8.9635638,9.1788459,8.9635638,9.14948925,8.97334935,54173914.0,503136159.82,1.9629,0.6509,20.977422,0.855947
2025-04-02,sz.001979,9.1201326,9.16906035,9.0222771,9.1397037,9.14948925,30510180.0,283965367.14,-0.107,0.3666,20.954986,0.855032
2025-04-03,sz.001979,9.1005615,9.4724124,9.0614193,9.42348465,9.1397037,102161900.0,978245487.44,3.1049,1.2275,21.605622,0.88158
2025-04-07,sz.001979,9.1592748,9.28648695,8.6895684,8.91463605,9.42348465,101536927.0,926846367.44,-5.3998,1.22,20.438964,0.833976
2025-04-08,sz.001979,8.91463605,9.32562915,8.8657083,9.28648695,8.91463605,93938374.0,880781526.44,4.1712,1.1287,21.291522,0.868763
2025-04-09,sz.001979,9.198417,9.63876675,9.09077595,9.6094101,9.28648695,109216015.0,1053973737.04,3.4773,1.3123,22.031902,0.898973
2025-04-10,sz.001979,9.5115546,9.78555,9.36477135,9.6485523,9.6094101,98907539.0,972041997.13,0.4073,1.1884,22.121645,0.902635
2025-04-11,sz.001979,9.5506968,9.589839,9.394128,9.46262685,9.6485523,52018050.0,503510304.65,-1.927,0.625,21.695365,0.885241
2025-04-14,sz.001979,9.4136991,9.4724124,9.32562915,9.4332702,9.46262685,50629607.0,486483301.96,-0.3102,0.6083,21.628058,0.882495
2025-04-15,sz.001979,9.4332702,9.4332702,9.2962725,9.40391355,9.4332702,40971177.0,392159519.78,-0.3112,0.4923,21.560751,0.879749
2025-04-16,sz.001979,9.36477135,9.56048235,9.3549858,9.5115546,9.40391355,48128050.0,465094928.57,1.1446,0.5783,21.807544,0.889819
2025-04-17,sz.001979,9.4528413,9.8834055,9.44305575,9.65833785,9.5115546,107598139.0,1069984532.15,1.5432,1.2928,22.14408,0.903551
2025-04-18,sz.001979,9.6485523,9.73662225,9.6094101,9.7072656,9.65833785,55134062.0,544784808.56,0.5066,0.6625,22.256259,0.908128
2025-04-21,sz.001979,9.6289812,9.71705115,9.52134015,9.61919565,9.7072656,41515476.0,408253524.76,-0.9073,0.4909,22.054337,0.899889
2025-04-22,sz.001979,9.6094101,9.6876945,9.56048235,9.61919565,9.61919565,42386859.0,417488931.57,0.0,0.5012,22.054337,0.899889
2025-04-23,sz.001979,9.6094101,9.63876675,9.4724124,9.48219795,9.61919565,47694546.0,463845040.74,-1.4242,0.5639,21.740237,0.887072
2025-04-24,sz.001979,9.4919835,9.6094101,9.42348465,9.54091125,9.48219795,42760099.0,416030710.71,0.6192,0.5056,21.874851,0.892565
2025-04-25,sz.001979,9.52134015,9.81490665,9.14948925,9.16906035,9.54091125,162922713.0,1571980993.86,-3.8974,1.9263,21.022293,0.857778
2025-04-28,sz.001979,9.12991815,9.1592748,8.85592275,8.89506495,9.16906035,110284411.0,1009810614.69,-2.9883,1.3039,20.394092,0.832145
2025-04-29,sz.001979,8.9048505,8.95377825,8.8657083,8.9048505,8.89506495,41305485.0,375842363.84,0.11,0.4884,20.416528,0.833061
2025-04-30,sz.001979,8.95377825,9.07120485,8.9048505,8.95377825,8.9048505,52637120.0,483106162.04,0.5495,0.6223,19.969659,0.834189
2025-05-06,sz.001979,8.95377825,8.97334935,8.8852794,8.9635638,8.95377825,55147090.0,503954982.84,0.1093,0.652,19.991484,0.835101
2025-05-07,sz.001979,9.14948925,9.20820255,9.0222771,9.0614193,8.9635638,91998676.0,856906722.43,1.0917,1.0877,20.209731,0.844218
2025-05-08,sz.001979,9.01249155,9.07120485,8.97334935,8.99292045,9.0614193,72072007.0,663130266.2,-0.7559,0.8521,20.056958,0.837836
2025-05-09,sz.001979,8.99292045,9.002706,8.77763835,8.81678055,8.99292045,95249863.0,861943849.3,-1.9587,1.1262,19.664112,0.821426
2025-05-12,sz.001979,8.83635165,8.8461372,8.79720945,8.8461372,8.81678055,48812421.0,440022292.13,0.333,0.5771,19.729586,0.824161
2025-05-13,sz.001979,8.8657083,8.8852794,8.8265661,8.85592275,8.8461372,39273596.0,355547182.67,0.1106,0.4643,19.751411,0.825072
2025-05-14,sz.001979,8.85592275,8.9244216,8.7874239,8.87549385,8.85592275,60238433.0,544614552.16,0.221,0.7122,19.795061,0.826896
2025-05-15,sz.001979,8.85592275,8.8852794,8.79720945,8.806995,8.87549385,37496140.0,338140848.12,-0.7718,0.4433,19.642287,0.820514
2025-05-16,sz.001979,8.806995,8.8265661,8.67978285,8.71892505,8.806995,59016156.0,526009273.44,-1.0,0.6978,19.445865,0.812309
2025-05-19,sz.001979,8.69935395,8.85592275,8.6895684,8.7874239,8.71892505,43880149.0,393619217.04,0.7856,0.5188,19.598638,0.81869
2025-05-20,sz.001979,8.77763835,8.81678055,8.7482817,8.79720945,8.7874239,36233853.0,325009924.75,0.1114,0.4284,19.620463,0.819602
2025-05-21,sz.001979,8.7874239,8.79720945,8.6895684,8.69935395,8.79720945,55078073.0,490592651.33,-1.1123,0.6512,19.402215,0.810485
2025-05-22,sz.001979,8.6895684,8.69935395,8.54278515,8.58192735,8.69935395,59858094.0,526108546.32,-1.3498,0.7077,19.140318,0.799545
2025-05-23,sz.001979,8.54278515,8.611284,8.5134285,8.52321405,8.58192735,38718408.0,338740549.05,-0.6842,0.4578,19.009369,0.794075
2025-05-26,sz.001979,8.5134285,8.5525707,8.4351441,8.50364295,8.52321405,45449211.0,394215312.9,-0.2296,0.5374,18.96572,0.792252
2025-05-27,sz.001979,8.50364295,8.54278515,8.4938574,8.5134285,8.50364295,25191132.0,219170076.32,0.1151,0.2978,18.987545,0.793163
2025-05-28,sz.001979,8.5134285,8.611284,8.4742863,8.54278515,8.5134285,38810389.0,339289730.14,0.3448,0.4589,19.053019,0.795898
2025-05-29,sz.001979,8.52321405,8.5721418,8.4938574,8.5525707,8.54278515,31221164.0,272642310.84,0.1145,0.3691,19.074844,0.79681
2025-05-30,sz.001979,8.52321405,8.56235625,8.46450075,8.4938574,8.5525707,36581452.0,318184885.56,-0.6865,0.4325,18.943895,0.79134
2025-06-03,sz.001979,8.4547152,8.48407185,8.38621635,8.40578745,8.4938574,57756198.0,496946760.64,-1.0369,0.6829,18.747472,0.783135
2025-06-04,sz.001979,8.40578745,8.4547152,8.3960019,8.4351441,8.40578745,34128000.0,293783477.81,0.3492,0.4035,18.812946,0.78587
2025-06-05,sz.001979,8.4351441,8.5134285,8.415573,8.4547152,8.4351441,37417162.0,323299041.63,0.232,0.4424,18.856596,0.787693
2025-06-06,sz.001979,8.46450075,8.5134285,8.4351441,8.4742863,8.4547152,34304723.0,296942789.23,0.2315,0.4056,18.900245,0.789517
2025-06-09,sz.001979,8.48407185,8.54278515,8.42535855,8.50364295,8.4742863,38908014.0,337432702.8,0.3464,0.46,18.96572,0.792252
2025-06-10,sz.001979,8.50364295,8.56235625,8.415573,8.44492965,8.50364295,46551669.0,403671085.03,-0.6904,0.5504,18.834771,0.786782
2025-06-11,sz.001979,8.4351441,8.5134285,8.42535855,8.4938574,8.44492965,37335056.0,323845174.32,0.5794,0.4414,18.943895,0.79134
2025-06-12,sz.001979,8.48407185,8.48407185,8.42535855,8.44492965,8.4938574,31748776.0,273930791.36,-0.576,0.3754,18.834771,0.786782
2025-06-13,sz.001979,8.415573,8.4351441,8.30793195,8.32750305,8.44492965,49144062.0,419750043.2,-1.3905,0.581,18.572874,0.775841
2025-06-16,sz.001979,8.3372886,8.75806725,8.3372886,8.7287106,8.32750305,162166754.0,1425815447.72,4.8179,1.9174,19.467689,0.81322
2025-06-17,sz.001979,8.69935395,8.7091395,8.56235625,8.5917129,8.7287106,52748150.0,464953128.03,-1.5695,0.6237,19.162143,0.800457
2025-06-18,sz.001979,8.5917129,8.611284,8.4351441,8.4742863,8.5917129,41148986.0,356718038.44,-1.3667,0.4865,18.900245,0.789517
2025-06-19,sz.001979,8.44492965,8.46450075,8.3177175,8.32750305,8.4742863,41996804.0,359339187.97,-1.7321,0.4965,18.572874,0.775841
2025-06-20,sz.001979,8.3372886,8.38621635,8.26878975,8.34707415,8.32750305,41246325.0,350961198.61,0.235,0.4877,18.616524,0.777665
2025-06-23,sz.001979,8.28836085,8.40578745,8.24921865,8.3764308,8.34707415,40493344.0,345456555.28,0.3517,0.4788,18.681998,0.7804
2025-06-24,sz.001979,8.3764308,8.52321405,8.3372886,8.5134285,8.3764308,47057005.0,406371598.52,1.6355,0.5564,18.987545,0.793163
2025-06-25,sz.001979,8.5134285,8.5721418,8.4742863,8.56235625,8.5134285,45427037.0,396266631.12,0.5747,0.5371,19.096668,0.797722
2025-06-26,sz.001979,8.56235625,8.6308551,8.52321405,8.5525707,8.56235625,42512148.0,371691022.06,-0.1143,0.5026,19.074844,0.79681
2025-06-27,sz.001979,8.5525707,8.6308551,8.5329996,8.5329996,8.5525707,37365389.0,327426394.74,-0.2288,0.4418,19.031194,0.794987
2025-06-30,sz.001979,8.5329996,8.62106955,8.5134285,8.58192735,8.5329996,32536402.0,285179914.34,0.5734,0.3847,19.140318,0.799545
2025-07-01,sz.001979,8.58192735,8.60149845,8.44492965,8.44492965,8.58192735,49830211.0,431932355.89,-1.5964,0.5892,18.834771,0.786782
2025-07-02,sz.001979,8.46450075,8.54278515,8.415573,8.5329996,8.44492965,50646009.0,438284157.77,1.0429,0.5988,19.031194,0.794987
2025-07-03,sz.001979,8.52321405,8.62106955,8.4938574,8.5134285,8.5329996,47035407.0,410937791.12,-0.2294,0.5561,18.987545,0.793163
2025-07-04,sz.001979,8.5329996,8.56235625,8.4938574,8.5134285,8.5134285,32332061.0,281734869.22,0.0,0.3823,18.987545,0.793163
2025-07-07,sz.001979,8.52321405,8.806995,8.50364295,8.7678528,8.5134285,127833864.0,1139741973.66,2.9885,1.5114,19.554988,0.816867
2025-07-08,sz.001979,8.7482817,8.8265661,8.7091395,8.77763835,8.7678528,73891852.0,663064764.57,0.1116,0.8737,19.576813,0.817779
2025-07-09,sz.001979,8.77763835,8.8657083,8.7482817,8.7874239,8.77763835,55183100.0,496905450.86,0.1115,0.6525,19.598638,0.81869
2025-07-10,sz.001979,8.79720945,9.1005615,8.7678528,9.05163375,8.7874239,108364009.0,994673015.59,3.0067,1.2812,20.187907,0.843306
2025-07-11,sz.001979,9.05163375,9.09077595,8.95377825,8.97334935,9.05163375,61083780.0,562133513.34,-0.8649,0.7222,20.013308,0.836012
2025-07-14,sz.001979,8.97334935,9.002706,8.8265661,8.83635165,8.97334935,50966681.0,462662590.67,-1.5267,0.6026,19.707762,0.823249
2025-07-15,sz.001979,8.8461372,8.8657083,8.6699973,8.73849615,8.83635165,71916034.0,642246878.61,-1.1074,0.8503,19.489514,0.814132
2025-07-16,sz.001979,8.73849615,8.77763835,8.6308551,8.6699973,8.73849615,60925710.0,540635496.33,-0.7839,0.7203,19.336741,0.80775
2025-07-17,sz.001979,8.68,8.73,8.68,8.7,8.67,46563439.0,405221448.94,0.346,0.5505,18.987545,0.793163
2025-07-18,sz.001979,8.71,8.86,8.7,8.81,8.7,52738419.0,463268305.5,1.2644,0.6235,19.227617,0.803192
2025-07-21,sz.001979,8.81,8.86,8.77,8.84,8.81,42147328.0,371652882.79,0.3405,0.4983,19.293091,0.805927
2025-07-22,sz.001979,8.85,9.01,8.76,9.0,8.84,74398473.0,662808537.35,1.81,0.8796,19.642287,0.820514
2025-07-23,sz.001979,8.99,9.14,8.93,8.96,9.0,67056045.0,604658147.3,-0.4444,0.7928,19.554988,0.816867
2025-07-24,sz.001979,8.93,9.26,8.91,9.17,8.96,101410413.0,925452495.16,2.3438,1.199,20.013308,0.836012
2025-07-25,sz.001979,9.15,9.4,9.13,9.38,9.17,116822661.0,1088165399.2,2.2901,1.3812,20.471628,0.855158
2025-07-28,sz.001979,9.33,9.43,9.16,9.39,9.38,78529597.0,731560364.61,0.1066,0.9285,20.493453,0.856069
2025-07-29,sz.001979,9.35,9.43,9.27,9.35,9.39,46457689.0,434592627.47,-0.426,0.5493,20.406154,0.852423
2025-07-30,sz.001979,9.33,9.49,9.19,9.22,9.35,84853574.0,791823343.85,-1.3904,1.0033,20.122432,0.840571
2025-07-31,sz.001979,9.18,9.22,8.67,8.7,9.22,154278866.0,1362363608.74,-5.6399,1.8241,18.987545,0.793163
2025-08-01,sz.001979,8.7,8.73,8.65,8.66,8.7,51747681.0,449210784.72,-0.4598,0.6118,18.900245,0.789517
2025-08-04,sz.001979,8.66,8.7,8.62,8.69,8.66,39597547.0,342712304.22,0.3464,0.4682,18.96572,0.792252
2025-08-05,sz.001979,8.69,8.8,8.68,8.78,8.69,53326422.0,467185959.27,1.0357,0.6305,19.162143,0.800457
2025-08-06,sz.001979,8.75,8.8,8.72,8.78,8.78,30608884.0,268072108.11,0.0,0.3619,19.162143,0.800457
2025-08-07,sz.001979,8.75,8.9,8.72,8.87,8.78,51643648.0,455664214.8,1.0251,0.6106,19.358566,0.808662
2025-08-08,sz.001979,8.86,8.89,8.82,8.87,8.87,29905519.0,265032092.4,0.0,0.3536,19.358566,0.808662
2025-08-11,sz.001979,8.94,9.0,8.88,8.89,8.87,39615998.0,353403444.04,0.2255,0.4684,19.402215,0.810485
2025-08-12,sz.001979,8.9,8.94,8.83,8.87,8.89,35651104.0,316727398.71,-0.225,0.4215,19.358566,0.808662
2025-08-13,sz.001979,8.89,8.91,8.82,8.84,8.87,34695197.0,307213489.19,-0.3382,0.4102,19.293091,0.805927
2025-08-14,sz.001979,8.85,9.09,8.84,8.9,8.84,72670493.0,651801060.42,0.6787,0.8592,19.42404,0.811397
2025-08-15,sz.001979,8.9,9.19,8.89,9.17,8.9,94516514.0,862560917.91,3.0337,1.1175,20.013308,0.836012
2025-08-18,sz.001979,9.16,9.2,9.03,9.05,9.17,74418555.0,676559630.44,-1.3086,0.8799,19.751411,0.825072
2025-08-19,sz.001979,9.1,9.23,9.09,9.18,9.05,76621671.0,702373572.42,1.4365,0.9059,20.035133,0.836924
2025-08-20,sz.001979,9.13,9.25,9.08,9.24,9.18,60275235.0,554510391.46,0.6536,0.7127,20.166082,0.842394
2025-08-21,sz.001979,9.21,9.27,9.16,9.18,9.24,42938088.0,395699474.66,-0.6494,0.5077,20.035133,0.836924
2025-08-22,sz.001979,9.18,9.21,9.1,9.17,9.18,44697321.0,408718954.39,-0.1089,0.5285,20.013308,0.836012
2025-08-25,sz.001979,9.2,9.7,9.19,9.41,9.17,185480977.0,1754115992.8,2.6172,2.193,20.537103,0.857893
2025-08-26,sz.001979,9.34,9.39,9.28,9.34,9.41,56025191.0,522862601.89,-0.7439,0.6624,20.384329,0.851511
2025-08-27,sz.001979,9.31,9.34,9.02,9.02,9.34,70226682.0,643982017.19,-3.4261,0.8303,19.685937,0.822337
2025-08-28,sz.001979,9.08,9.11,8.89,9.06,9.02,55080830.0,497046261.23,0.4435,0.6512,19.773236,0.825984
2025-08-29,sz.001979,9.15,9.24,9.1,9.15,9.06,62883132.0,576581418.97,0.9934,0.7434,20.372757,0.842913
2025-09-01,sz.001979,9.3,9.45,9.12,9.35,9.15,111219283.0,1037802626.34,2.1858,1.3149,20.818063,0.861337
2025-09-02,sz.001979,9.34,9.41,9.12,9.24,9.35,60644867.0,562077464.71,-1.1765,0.717,20.573145,0.851204
2025-09-03,sz.001979,9.24,9.27,9.02,9.03,9.24,48843920.0,443541912.73,-2.2727,0.5775,20.105573,0.831858
2025-09-04,sz.001979,9.06,9.1,8.95,9.06,9.03,55943139.0,504527436.8,0.3322,0.6614,20.172369,0.834622
2025-09-05,sz.001979,9.05,9.09,8.96,9.09,9.06,46906463.0,423113348.92,0.3311,0.5546,20.239165,0.837386
2025-09-08,sz.001979,9.24,9.45,9.2,9.31,9.09,101536058.0,944984630.93,2.4202,1.2004,20.729002,0.857652
2025-09-09,sz.001979,9.32,9.62,9.28,9.57,9.31,104656022.0,993780558.1,2.7927,1.2373,21.3079,0.881604
2025-09-10,sz.001979,9.51,9.57,9.45,9.53,9.57,54478512.0,518022578.62,-0.418,0.6441,21.218839,0.877919
2025-09-11,sz.001979,9.48,9.51,9.38,9.45,9.53,55436004.0,522132143.56,-0.8395,0.6554,21.040716,0.870549
2025-09-12,sz.001979,9.43,9.61,9.41,9.46,9.45,69835728.0,662035134.36,0.1058,0.8256,21.062982,0.871471
2025-09-15,sz.001979,9.4,9.73,9.32,9.7,9.46,97448965.0,931958578.25,2.537,1.1521,21.597349,0.89358
2025-09-16,sz.001979,9.63,9.74,9.5,9.67,9.7,69322863.0,666637225.1,-0.3093,0.8196,21.530553,0.890816
2025-09-17,sz.001979,9.65,9.69,9.52,9.62,9.67,43134857.0,414025958.55,-0.5171,0.51,21.419227,0.88621
2025-09-18,sz.001979,9.58,9.6,9.17,9.23,9.62,86255093.0,805951326.44,-4.0541,1.0198,20.55088,0.850283
2025-09-19,sz.001979,9.23,9.58,9.15,9.54,9.23,92639141.0,868539778.53,3.3586,1.0952,21.241104,0.87884
2025-09-22,sz.001979,9.43,9.58,9.29,9.5,9.54,57197161.0,540517056.15,-0.4193,0.6762,21.152043,0.875156
2025-09-23,sz.001979,9.43,9.46,9.28,9.39,9.5,50745742.0,475281974.13,-1.1579,0.5999,20.907125,0.865022
2025-09-24,sz.001979,9.35,9.79,9.32,9.62,9.39,83937394.0,810183129.86,2.4494,0.9924,21.419227,0.88621
2025-09-25,sz.001979,9.63,9.64,9.48,9.58,9.62,46481466.0,444489944.04,-0.4158,0.5495,21.330165,0.882525
2025-09-26,sz.001979,9.53,10.16,9.51,9.95,9.58,122767269.0,1218340440.86,3.8622,1.4514,22.153982,0.91661
2025-09-29,sz.001979,9.92,9.99,9.75,9.94,9.95,57357875.0,566671675.74,-0.1005,0.6781,22.131716,0.915689
2025-09-30,sz.001979,9.94,10.21,9.85,10.17,9.94,94734548.0,959015240.58,2.3139,1.12,22.643819,0.936877
2025-10-09,sz.001979,10.28,10.28,9.68,10.1,10.17,117976496.0,1164686809.74,-0.6883,1.3948,22.487961,0.930429
2025-10-10,sz.001979,9.99,10.2,9.96,10.18,10.1,70885030.0,717412114.28,0.7921,0.838,22.666084,0.937798
2025-10-13,sz.001979,9.95,10.19,9.85,10.1,10.18,67846520.0,681850261.48,-0.7859,0.8021,22.487961,0.930429
2025-10-14,sz.001979,10.08,10.45,10.05,10.27,10.1,92770091.0,955314424.86,1.6832,1.0968,22.866472,0.946089
2025-10-15,sz.001979,10.23,10.45,10.1,10.21,10.27,61411532.0,629422189.43,-0.5842,0.726,22.73288,0.940562
2025-10-16,sz.001979,10.19,10.28,10.12,10.27,10.21,52201697.0,532164895.18,0.5877,0.6172,22.866472,0.946089
2025-10-17,sz.001979,10.22,10.44,10.16,10.17,10.27,49615949.0,509759967.73,-0.9737,0.5866,22.643819,0.936877
2025-10-20,sz.001979,10.21,10.23,9.92,9.95,10.17,55312183.0,554568325.61,-2.1632,0.6539,22.153982,0.91661
2025-10-21,sz.001979,9.95,10.05,9.9,10.03,9.95,38726815.0,386980357.46,0.804,0.4578,22.332104,0.92398
2025-10-22,sz.001979,10.01,10.18,9.87,9.88,10.03,42476005.0,424461394.98,-1.4955,0.5022,21.998125,0.910162
2025-10-23,sz.001979,9.95,9.95,9.63,9.75,9.88,42244103.0,411206556.81,-1.3158,0.4994,21.708676,0.898186
2025-10-24,sz.001979,9.74,9.78,9.48,9.5,9.75,57602477.0,551713543.97,-2.5641,0.681,21.152043,0.875156
2025-10-27,sz.001979,9.52,9.57,9.44,9.48,9.5,42830690.0,406452681.29,-0.2105,0.5064,21.107512,0.873313
2025-10-28,sz.001979,9.5,9.51,9.26,9.4,9.48,64879320.0,609367110.97,-0.8439,0.767,20.92939,0.865943
2025-10-29,sz.001979,9.37,9.47,9.35,9.43,9.4,29315876.0,275917063.2,0.3191,0.3466,20.996186,0.868707
2025-10-30,sz.001979,9.44,9.47,9.27,9.3,9.43,43710310.0,408721610.33,-1.3786,0.5168,20.706737,0.856731
2025-10-31,sz.001979,9.37,9.6,9.33,9.45,9.3,59766255.0,566644822.85,1.6129,0.7066,21.760541,0.86284
2025-11-03,sz.001979,9.45,9.52,9.31,9.36,9.45,40300818.0,377391755.95,-0.9524,0.4764,21.553298,0.854622
2025-11-04,sz.001979,9.35,9.42,9.27,9.31,9.36,31059638.0,290056951.53,-0.5342,0.3672,21.438162,0.850057
2025-11-05,sz.001979,9.25,9.34,9.22,9.28,9.31,27940070.0,259436617.55,-0.3222,0.3303,21.369081,0.847318
2025-11-06,sz.001979,9.3,9.35,9.24,9.26,9.28,29485895.0,274056146.69,-0.2155,0.3486,21.323027,0.845492
2025-11-07,sz.001979,9.25,9.45,9.21,9.32,9.26,42405808.0,395557336.88,0.6479,0.5013,21.461189,0.85097
2025-11-10,sz.001979,9.29,9.6,9.27,9.59,9.32,58609377.0,556738532.16,2.897,0.6929,22.082919,0.875623
2025-11-11,sz.001979,9.56,9.78,9.52,9.7,9.59,58574902.0,567918919.63,1.147,0.6925,22.336216,0.885666
2025-11-12,sz.001979,9.72,9.87,9.7,9.74,9.7,44347270.0,433345000.68,0.4124,0.5271,22.317421,0.884921
2025-11-13,sz.001979,9.73,9.82,9.63,9.77,9.74,37879893.0,367975721.07,0.308,0.4502,22.386161,0.887647
2025-11-14,sz.001979,9.75,9.95,9.67,9.69,9.77,44027905.0,432101435.0,-0.8188,0.5233,22.202855,0.880378
2025-11-17,sz.001979,9.68,9.78,9.66,9.74,9.69,34164255.0,332075151.33,0.516,0.406,22.317421,0.884921
2025-11-18,sz.001979,9.73,9.73,9.46,9.54,9.74,37646233.0,359636619.76,-2.0534,0.4474,21.859158,0.86675
2025-11-19,sz.001979,9.53,9.56,9.28,9.39,9.54,41327976.0,387890768.22,-1.5723,0.4912,21.51546,0.853122
2025-11-20,sz.001979,9.39,9.9,9.34,9.66,9.39,97677216.0,945496907.78,2.8754,1.1609,22.134116,0.877653
2025-11-21,sz.001979,9.55,9.81,9.53,9.59,9.66,66666064.0,645552778.45,-0.7246,0.7923,21.973724,0.871293
2025-11-24,sz.001979,9.58,9.83,9.42,9.45,9.59,62950858.0,607321938.36,-1.4599,0.7482,21.652939,0.858573
2025-11-25,sz.001979,9.42,9.66,9.33,9.61,9.45,44397032.0,422641608.44,1.6931,0.5277,22.01955,0.87311
2025-11-26,sz.001979,9.58,9.64,9.33,9.44,9.61,43544734.0,411920427.08,-1.769,0.5175,21.630026,0.857665
2025-11-27,sz.001979,9.38,9.67,9.05,9.51,9.44,81148782.0,762186491.55,0.7415,0.9644,21.790418,0.864025
2025-11-28,sz.001979,9.48,9.51,9.2,9.26,9.51,66750196.0,619605926.62,-2.6288,0.7933,21.217589,0.841311
2025-12-01,sz.001979,9.2,9.47,9.2,9.37,9.26,60886823.0,571214964.03,1.1879,0.7236,21.469634,0.851305
2025-12-02,sz.001979,9.37,9.53,9.28,9.44,9.37,35655219.0,336143580.04,0.7471,0.4238,21.630026,0.857665
2025-12-03,sz.001979,9.43,9.54,9.37,9.39,9.44,32618048.0,307952301.87,-0.5297,0.3877,21.51546,0.853122
2025-12-04,sz.001979,9.4,9.64,9.38,9.42,9.39,32005313.0,303117915.11,0.3195,0.3804,21.5842,0.855848
2025-12-05,sz.001979,9.36,9.42,9.03,9.24,9.42,77694171.0,712092810.93,-1.9108,0.9234,21.171763,0.839494
2025-12-08,sz.001979,9.2,9.26,9.16,9.21,9.24,33326888.0,306750369.48,-0.3247,0.3961,21.103023,0.836768
2025-12-09,sz.001979,9.19,9.19,8.81,8.84,9.21,84489158.0,754075438.13,-4.0174,1.0041,20.255236,0.803152
2025-12-10,sz.001979,8.81,9.13,8.68,8.97,8.84,86170244.0,765405975.1,1.4706,1.0241,20.553107,0.814963
2025-12-11,sz.001979,8.93,9.01,8.84,8.88,8.97,53845475.0,480887657.22,-1.0033,0.6399,20.346889,0.806786
2025-12-12,sz.001979,8.96,9.02,8.87,8.92,8.88,48836659.0,436609725.46,0.4505,0.5804,20.438542,0.810421
2025-12-15,sz.001979,8.84,8.93,8.78,8.84,8.92,28807131.0,255644816.63,-0.8969,0.3424,20.255236,0.803152
2025-12-16,sz.001979,8.84,8.95,8.69,8.73,8.84,38213529.0,334953096.59,-1.2443,0.4542,20.003192,0.793158
2025-12-17,sz.001979,8.7,8.78,8.6,8.76,8.73,41311734.0,359366998.46,0.3436,0.491,20.071931,0.795884
2025-12-18,sz.001979,8.72,8.75,8.64,8.67,8.76,34792411.0,302395097.02,-1.0274,0.4135,19.865713,0.787707
2025-12-19,sz.001979,8.67,8.82,8.63,8.71,8.67,47471839.0,414293903.71,0.4614,0.5642,19.957365,0.791341
2025-12-22,sz.001979,8.7,8.74,8.59,8.71,8.71,68142165.0,591002587.15,0.0,0.8099,19.957365,0.791341
2025-12-23,sz.001979,8.68,8.83,8.66,8.76,8.71,51229600.0,448953718.01,0.5741,0.6089,20.071931,0.795884
2025-12-24,sz.001979,8.76,8.9,8.75,8.76,8.76,39164801.0,345382966.87,0.0,0.4655,20.071931,0.795884
2025-12-25,sz.001979,8.88,8.88,8.71,8.77,8.76,37181017.0,325797290.1,0.1142,0.4419,20.094844,0.796792
2025-12-26,sz.001979,8.73,8.84,8.72,8.79,8.77,34827226.0,306182221.94,0.2281,0.4139,20.140671,0.79861
2025-12-29,sz.001979,8.79,8.8,8.6,8.62,8.79,57786642.0,501344441.2,-1.934,0.6868,19.751147,0.783164
2025-12-30,sz.001979,8.59,8.63,8.48,8.55,8.62,51500263.0,440225067.54,-0.8121,0.6121,19.590755,0.776804
2025-12-31,sz.001979,8.62,8.71,8.53,8.64,8.55,56672347.0,488407205.59,1.0526,0.6735,19.796973,0.784981
2026-01-05,sz.001979,8.66,9.23,8.66,9.02,8.64,144767161.0,1303398958.7,4.3981,1.7205,20.667673,0.819506
2026-01-06,sz.001979,9.0,9.15,8.96,9.02,9.02,70554697.0,637840301.67,0.0,0.8385,20.667673,0.819506
2026-01-07,sz.001979,9.04,9.04,8.84,8.88,9.02,56306881.0,501680303.62,-1.5521,0.6692,20.346889,0.806786
2026-01-08,sz.001979,8.85,9.16,8.78,9.08,8.88,79823151.0,717167372.57,2.2523,0.9487,20.805152,0.824957
2026-01-09,sz.001979,9.08,9.31,9.04,9.18,9.08,74463593.0,682956921.46,1.1013,0.885,21.034284,0.834043
2026-01-12,sz.001979,9.14,9.32,9.08,9.13,9.18,67058142.0,614909653.85,-0.5447,0.797,20.919718,0.8295
2026-01-13,sz.001979,9.12,9.34,9.11,9.23,9.13,72059544.0,667117368.9,1.0953,0.8564,21.14885,0.838585
2026-01-14,sz.001979,9.23,9.29,9.02,9.03,9.23,92579157.0,846965443.43,-2.1668,1.1003,20.690586,0.820415
2026-01-15,sz.001979,9.07,9.55,9.06,9.33,9.03,95079194.0,884608566.61,3.3223,1.13,21.377981,0.847671
2026-01-16,sz.001979,9.39,9.41,9.06,9.08,9.33,76405914.0,698580904.57,-2.6795,0.9081,20.805152,0.824957
2026-01-19,sz.001979,9.04,9.41,8.97,9.25,9.08,71480467.0,661863644.35,1.8722,0.8495,21.194676,0.840403
2026-01-20,sz.001979,9.26,10.1,9.25,9.93,9.25,171103949.0,1676313074.6,7.3514,2.0336,22.752771,0.902183
2026-01-21,sz.001979,9.83,10.0,9.7,9.76,9.93,72917407.0,715367687.91,-1.712,0.8666,22.363247,0.886738
2026-01-22,sz.001979,9.76,10.21,9.72,9.94,9.76,111796003.0,1118519609.96,1.8443,1.3287,22.775684,0.903092
2026-01-23,sz.001979,9.9,10.0,9.8,9.87,9.94,69150073.0,684169207.4,-0.7042,0.8218,22.615292,0.896732
2026-01-26,sz.001979,9.86,9.98,9.7,9.79,9.87,76628928.0,752840370.36,-0.8105,0.9107,22.431987,0.889464
2026-01-27,sz.001979,9.78,9.98,9.65,9.83,9.79,66957519.0,656721367.28,0.4086,0.7958,22.52364,0.893098
2026-01-28,sz.001979,9.87,10.2,9.79,10.07,9.83,81054057.0,813422009.25,2.4415,0.9633,23.073555,0.914903
2026-01-29,sz.001979,10.01,10.98,10.01,10.88,10.07,147391874.0,1570220287.8,8.0437,1.7517,24.929522,0.988495
2026-01-30,sz.001979,10.8,10.86,10.43,10.57,10.88,82398941.0,871512297.89,-2.8493,0.9793,24.219214,0.96033
2026-02-02,sz.001979,10.18,10.47,10.0,10.08,10.57,97654074.0,994979366.66,-4.6358,1.1606,23.096469,0.915812
2026-02-03,sz.001979,10.2,10.45,10.03,10.13,10.08,66632970.0,678460864.18,0.496,0.7919,23.211034,0.920354
2026-02-04,sz.001979,10.15,11.0,10.06,10.87,10.13,111111102.0,1183842538.18,7.305,1.3205,24.906609,0.987587
2026-02-05,sz.001979,10.82,11.05,10.78,10.92,10.87,68043688.0,743321334.53,0.46,0.8087,25.021174,0.992129
2026-02-06,sz.001979,10.86,10.94,10.56,10.63,10.92,59167643.0,633425958.76,-2.6557,0.7032,24.356693,0.965781
2026-02-09,sz.001979,10.64,11.1,10.61,10.7,10.63,98654776.0,1066350938.79,0.6585,1.1725,24.517085,0.972141
2026-02-10,sz.001979,10.7,10.71,10.28,10.49,10.7,71214568.0,743568849.0,-1.9626,0.8464,24.035908,0.953062
2026-02-11,sz.001979,10.41,10.5,10.27,10.4,10.49,42223584.0,438325680.17,-0.858,0.5018,23.82969,0.944885
2026-02-12,sz.001979,10.43,10.56,10.29,10.39,10.4,39646417.0,412357003.8,-0.0962,0.4712,23.806777,0.943976
2026-02-13,sz.001979,10.43,10.5,10.27,10.33,10.39,37163333.0,385013720.91,-0.5775,0.4417,23.669298,0.938525
2026-02-24,sz.001979,10.35,10.48,10.12,10.14,10.33,52977188.0,541475476.29,-1.8393,0.6296,23.233948,0.921263
2026-02-25,sz.001979,10.22,10.66,10.21,10.45,10.14,83733880.0,879614976.75,3.0572,0.9952,23.944256,0.949428
2026-02-26,sz.001979,10.5,10.55,9.94,10.0,10.45,81178945.0,819427320.98,-4.3062,0.9648,22.913163,0.908543
2026-02-27,sz.001979,10.03,10.08,9.81,9.91,10.0,53890866.0,533868082.39,-0.9,0.6405,22.706945,0.900366
2026-03-02,sz.001979,9.74,9.99,9.71,9.85,9.91,49150804.0,484709044.0,-0.6054,0.5842,22.569466,0.894915
2026-03-03,sz.001979,9.83,10.09,9.79,9.88,9.85,67310435.0,669890946.81,0.3046,0.8,22.638205,0.897641
2026-03-04,sz.001979,9.8,9.93,9.52,9.76,9.88,67829084.0,658685865.95,-1.2146,0.8061,22.363247,0.886738
2026-03-05,sz.001979,9.81,9.87,9.54,9.63,9.76,43816356.0,424632624.99,-1.332,0.5208,22.065376,0.874927
2026-03-06,sz.001979,9.58,9.73,9.52,9.7,9.63,29493978.0,284694302.21,0.7269,0.3505,22.225768,0.881287
2026-03-09,sz.001979,9.55,9.58,9.28,9.42,9.7,63124797.0,593682936.82,-2.8866,0.7502,21.5842,0.855848
2026-03-10,sz.001979,9.47,9.5,9.32,9.37,9.42,63960309.0,600145280.61,-0.5308,0.7602,21.469634,0.851305
2026-03-11,sz.001979,9.35,9.63,9.32,9.56,9.37,54977856.0,523513445.29,2.0277,0.6534,21.904984,0.868567
2026-03-12,sz.001979,9.55,9.61,9.4,9.49,9.56,31507732.0,299295166.86,-0.7322,0.3745,21.744592,0.862208
2026-03-13,sz.001979,9.52,9.93,9.51,9.6,9.49,63679833.0,620038782.82,1.1591,0.7568,21.996637,0.872202
2026-03-16,sz.001979,9.65,9.98,9.61,9.66,9.6,66415000.0,651151632.05,0.625,0.7893,22.134116,0.877653
