date,code,open,high,low,close,preclose,volume,amount,pctChg,turn,peTTM,pbMRQ
2022-01-11,sz.301136,24.6798,26.654184,22.8041352,23.692608,10.38525984,42851346,1050812557.8,128.1369,76.1782,81.0882,8.374159
2022-01-12,sz.301136,21.718224,23.7913272,21.224628,22.5079776,23.692608,31008952,696652565.89,-5.0,55.1256,77.03379,7.955451
2022-01-13,sz.301136,22.4092584,23.87030256,21.72809592,22.69554408,22.5079776,28491902,659263883.2,0.8333,50.651,77.675738,8.021747
2022-01-14,sz.301136,21.55040136,23.67286416,20.484234,22.51784952,22.69554408,32919762,726060137.03,-0.7829,58.5225,77.067577,7.95894
2022-01-17,sz.301136,22.02425352,25.15365216,21.6195048,24.79826304,22.51784952,37451805,899739043.11,10.1271,66.5793,84.872316,8.764953
2022-01-18,sz.301136,26.654184,29.75396688,26.654184,29.75396688,24.79826304,8639889,251541549.45,19.9841,15.3594,101.833265,10.516548
2022-01-19,sz.301136,30.602952,31.91591736,27.07867656,27.07867656,29.75396688,42647809,1255069166.09,-8.9914,75.8164,92.677055,9.570966
2022-01-20,sz.301136,25.4695536,26.0618688,23.1002928,23.199012,27.07867656,31305290,777425388.88,-14.3274,55.6524,79.398863,8.199697
2022-01-21,sz.301136,23.37670656,23.47542576,21.4220664,21.79719936,23.199012,20262537,458145721.98,-6.0426,36.0214,74.601144,7.704226
2022-01-24,sz.301136,21.965022,22.6066968,21.28385952,21.64912056,21.79719936,13252106,294305852.38,-0.6793,23.5587,74.094343,7.651888
2022-01-25,sz.301136,21.3727068,21.45168216,20.06961336,20.06961336,21.64912056,11717863,246161114.62,-7.2959,20.8312,68.688463,7.093611
2022-01-26,sz.301136,20.41513056,21.48129792,19.74384,21.14565264,20.06961336,13973990,294085370.95,5.3615,24.842,72.371219,7.473937
2022-01-27,sz.301136,20.81000736,22.30066728,20.20782024,20.74090392,21.14565264,15508603,334121061.67,-1.9141,27.5701,70.985962,7.330878
2022-01-28,sz.301136,21.20488416,21.99463776,20.65205664,21.1752684,20.74090392,11775757,253689169.83,2.0942,20.9341,72.472579,7.484405
2022-02-07,sz.301136,21.70835208,24.83775072,21.40232256,24.69954384,21.1752684,20864262,491069510.27,16.6434,37.0911,84.534449,8.730061
2022-02-08,sz.301136,23.0015736,24.05786904,22.78439136,23.41619424,24.69954384,15620954,368664784.81,-5.1958,27.7699,80.142171,8.276461
2022-02-09,sz.301136,23.53465728,23.8900464,22.91272632,23.67286416,23.41619424,13300718,315269127.31,1.0961,23.6451,81.020627,8.367181
2022-02-10,sz.301136,23.68273608,25.25237136,23.0509332,23.50504152,23.67286416,17678578,433786339.95,-0.7089,31.4278,80.446252,8.307864
2022-02-11,sz.301136,22.1131008,22.12297272,21.19501224,21.2739876,23.50504152,16121332,354203914.11,-9.4918,28.6594,72.810446,7.519297
2022-02-14,sz.301136,20.95808616,21.84655896,20.95808616,21.41219448,21.2739876,8001599,173672363.63,0.6497,14.2247,73.283461,7.568146
2022-02-15,sz.301136,21.3233472,22.2611796,20.4348744,21.88604664,21.41219448,11423089,250479107.06,2.213,20.3072,74.905225,7.735629
2022-02-16,sz.301136,21.8663028,24.2355636,21.69848016,23.7913272,21.88604664,21083498,489932299.27,8.7055,37.4808,81.426068,8.409051
2022-02-17,sz.301136,23.38657848,23.63337648,22.66592832,22.76464752,23.7913272,16166439,378098436.5,-4.3154,28.7396,77.912246,8.046171
2022-02-18,sz.301136,22.22169192,24.19607592,22.22169192,23.73209568,22.76464752,18427557,437152203.35,4.2498,32.7593,81.223347,8.388116
2022-02-21,sz.301136,23.33721888,24.4823616,23.27798736,24.37377048,23.73209568,18518505,450363797.64,2.7038,32.9209,83.419486,8.614916
2022-02-22,sz.301136,23.7419676,24.3342828,23.11016472,23.13978048,24.37377048,14047888,335026692.66,-5.0628,24.9734,79.196142,8.178762
2022-02-23,sz.301136,22.83375096,23.67286416,22.8041352,23.36683464,23.13978048,10075260,237687494.43,0.9812,17.9111,79.973237,8.259014
2022-02-24,sz.301136,23.94927792,24.186204,20.731032,21.8663028,23.36683464,16508167,376685911.86,-6.4216,29.3471,74.837651,7.728651
2022-02-25,sz.301136,21.8663028,22.9028544,21.40232256,21.54052944,21.8663028,10421169,233135858.31,-1.4898,18.526,73.722689,7.613506
2022-02-28,sz.301136,21.718224,21.85643088,20.8297512,21.39245064,21.54052944,5703228,122757966.0,-0.6874,10.1388,73.215887,7.561168
2022-03-01,sz.301136,21.4220664,21.6688644,20.99757384,21.5207856,21.39245064,5969344,129226897.0,0.5999,10.6119,73.655115,7.606528
2022-03-02,sz.301136,21.3233472,22.5079776,21.2739876,22.41913032,21.5207856,10541618,234487890.0,4.1743,18.7402,76.729709,7.924048
2022-03-03,sz.301136,22.21182,22.38951456,21.78732744,21.90579048,22.41913032,7577987,168849488.0,-2.2897,13.4716,74.972798,7.742608
2022-03-04,sz.301136,21.63924864,22.10322888,20.99757384,21.03706152,21.90579048,7397940,161207797.0,-3.9658,13.1516,71.999564,7.435555
2022-03-07,sz.301136,21.00744576,21.5701452,20.85936696,20.88898272,21.03706152,6321957,135687340.0,-0.7039,11.2387,71.492763,7.383217
2022-03-08,sz.301136,20.8791108,21.3727068,19.9412784,21.09629304,20.88898272,8183413,173003493.0,0.9924,14.5479,72.202285,7.456491
2022-03-09,sz.301136,20.97783,22.13284464,20.74090392,21.78732744,21.09629304,10884152,237507375.0,3.2756,19.3491,74.567357,7.700737
2022-03-10,sz.301136,21.93540624,23.2977312,21.58988904,22.66592832,21.78732744,15105690,343100352.0,4.0326,26.8539,77.574378,8.011279
2022-03-11,sz.301136,21.89591856,22.10322888,20.95808616,21.60963288,22.66592832,9854795,214491815.0,-4.6603,17.5192,73.959196,7.637931
2022-03-14,sz.301136,21.1259088,22.0143816,21.05680536,21.8663028,21.60963288,8045398,176628740.0,1.1878,14.3026,74.837651,7.728651
2022-03-15,sz.301136,21.54052944,22.82387904,20.81000736,21.15552456,21.8663028,11861960,265350630.0,-3.2506,21.0874,72.405005,7.477426
2022-03-16,sz.301136,21.15552456,21.59976096,19.97089416,21.0765492,21.15552456,10111052,211586679.0,-0.3733,17.9747,72.134711,7.449512
2022-03-17,sz.301136,21.5207856,22.39938648,21.10616496,22.20194808,21.0765492,13089204,288292000.0,5.3396,23.2691,75.986401,7.847285
2022-03-18,sz.301136,21.80707128,23.88017448,21.60963288,22.98182976,22.20194808,19733454,459937715.85,3.5127,35.0808,78.655554,8.122934
2022-03-21,sz.301136,22.62644064,23.97889368,22.32041112,23.48529768,22.98182976,17441417,409530184.38,2.1907,31.0062,80.378678,8.300885
2022-03-22,sz.301136,23.21875584,24.15658824,22.705416,23.66299224,23.48529768,15618424,370753108.47,0.7566,27.7654,80.98684,8.363691
2022-03-23,sz.301136,23.40632232,23.4951696,22.43887416,22.78439136,23.66299224,11033502,255360071.18,-3.713,19.6146,77.979819,8.05315
2022-03-24,sz.301136,22.78439136,25.00557336,22.6066968,23.4951696,22.78439136,18169418,440764891.97,3.1196,32.3004,80.412465,8.304374
2022-03-25,sz.301136,22.952214,23.35696272,21.94527816,22.0143816,23.4951696,13777517,316682434.85,-6.3025,24.4927,75.344453,7.780989
2022-03-28,sz.301136,21.3727068,21.98476584,20.6323128,21.97489392,22.0143816,9796629,211287405.85,-0.1794,17.4158,75.209306,7.767033
2022-03-29,sz.301136,21.63924864,21.87617472,20.88898272,20.9284704,21.97489392,7130785,153839839.25,-4.7619,12.6766,71.62791,7.397174
2022-03-30,sz.301136,21.09629304,22.58695296,21.00744576,22.44874608,20.9284704,12162106,269182285.68,7.2642,21.621,76.83107,7.934516
2022-03-31,sz.301136,22.44874608,23.5445292,22.3105392,22.5573372,22.44874608,12302322,283764126.02,0.4837,21.8702,77.202724,7.972897
2022-04-01,sz.301136,22.2611796,23.26811544,21.50104176,21.5701452,22.5573372,8993726,202990210.03,-4.3764,15.9884,73.824049,7.623974
2022-04-06,sz.301136,21.13578072,22.81400712,21.13578072,22.76464752,21.5701452,10332568,232669807.11,5.5378,18.3685,77.912246,8.046171
2022-04-07,sz.301136,22.59682488,23.7913272,22.458618,23.37670656,22.76464752,17944400,421843220.68,2.6886,31.9003,80.007024,8.262504
2022-04-08,sz.301136,23.89991832,26.09148456,21.79719936,21.80707128,23.37670656,27255005,672183846.16,-6.7145,48.4521,74.634931,7.707716
2022-04-11,sz.301136,20.74090392,23.2977312,20.0399976,23.1002928,21.80707128,21009963,466118195.25,5.9303,37.3501,79.060995,8.164805
2022-04-12,sz.301136,22.35002688,23.45568192,21.72809592,23.2977312,23.1002928,17515657,403942828.41,0.8547,31.1381,79.73673,8.23459
2022-04-13,sz.301136,22.88311056,23.0509332,21.43193832,21.51091368,23.2977312,12580271,282555614.34,-7.6695,22.3644,73.621328,7.603039
2022-04-14,sz.301136,21.718224,22.29079536,21.33321912,21.62937672,21.51091368,7683925,169920657.7,0.5507,13.66,74.026769,7.644909
2022-04-15,sz.301136,21.4220664,21.93540624,20.6323128,20.93834232,21.62937672,9383534,200951008.68,-3.1949,16.6814,71.661697,7.400663
2022-04-18,sz.301136,20.64218472,21.5701452,20.44474632,21.05680536,20.93834232,5684690,121340811.3,0.5658,10.1059,72.067138,7.442534
2022-04-19,sz.301136,20.88898272,21.5207856,20.64218472,21.51091368,21.05680536,6942114,148672413.63,2.1566,12.3412,73.621328,7.603039
2022-04-20,sz.301136,21.718224,21.83668704,20.74090392,21.1259088,21.51091368,6088764,130640953.03,-1.7898,10.8242,72.303645,7.466958
2022-04-21,sz.301136,20.9284704,21.50104176,20.8297512,21.26411568,21.1259088,7089378,152311091.75,0.6542,12.603,72.77666,7.515808
2022-04-22,sz.301136,20.9284704,22.41913032,20.8297512,22.21182,21.26411568,11938461,264387131.73,4.4568,21.2234,76.020188,7.850774
2022-04-25,sz.301136,21.718224,23.1002928,21.6195048,21.64912056,22.21182,14406349,325787013.66,-2.5333,25.6106,74.094343,7.651888
2022-04-26,sz.301136,20.97783,23.2483716,20.96795808,22.705416,21.64912056,16681026,377731589.62,4.8792,29.6544,77.709525,8.025236
2022-04-27,sz.301136,22.83375096,23.87030256,21.965022,23.60376072,22.705416,21654475,506019880.0,3.9565,38.4959,80.784119,8.342756
2022-04-28,sz.301136,22.30066728,22.952214,21.2739876,22.54746528,23.60376072,15457922,349330295.22,-4.4751,27.48,77.168937,7.969408
2022-04-29,sz.301136,22.27105152,24.9759576,22.24143576,24.0381252,22.54746528,22124508,529180895.44,6.6112,39.3314,86.017172,4.501509
2022-05-05,sz.301136,23.8900464,24.96608568,23.41619424,23.70247992,24.0381252,21163780,515365356.6,-1.3963,37.6235,84.816111,4.438655
2022-05-06,sz.301136,22.78439136,24.2849232,22.62644064,22.92259824,23.70247992,14723738,348323792.5,-3.2903,26.1749,82.02541,4.29261
2022-05-09,sz.301136,24.6798,24.86736648,22.93247016,23.47542576,22.92259824,14153815,338842249.38,2.4117,25.1617,84.003629,4.396135
2022-05-10,sz.301136,23.01144552,25.7657112,23.01144552,25.20301176,23.47542576,23455155,588566139.16,7.3591,41.697,90.185561,4.719652
2022-05-11,sz.301136,24.8772384,25.05493296,23.939406,24.02825328,25.20301176,19984189,497275802.83,-4.6612,35.5265,85.981847,4.499661
2022-05-12,sz.301136,24.4823616,25.7163516,24.11710056,25.173396,24.02825328,18842912,474728549.33,4.7658,33.4977,90.079585,4.714106
2022-05-13,sz.301136,25.55840088,25.55840088,23.95914984,24.73903152,25.173396,14381220,356246385.21,-1.7255,25.566,88.525271,4.632765
2022-05-16,sz.301136,24.6798,24.6798,23.32734696,23.8900464,24.73903152,11406953,276753293.76,-3.4318,20.2785,85.487292,4.473779
2022-05-17,sz.301136,23.68273608,23.87030256,23.0509332,23.82094296,23.8900464,9046491,214843837.43,-0.2893,16.0822,85.240015,4.460839
2022-05-18,sz.301136,23.70247992,23.90979024,23.40632232,23.56427304,23.82094296,7144756,171036414.83,-1.0775,12.7015,84.321557,4.412773
2022-05-19,sz.301136,23.38657848,24.0874848,23.0015736,23.7913272,23.56427304,9677177,232445307.67,0.9636,17.2034,85.134039,4.455293
2022-05-20,sz.301136,23.8900464,24.14671632,22.46848992,22.48823376,23.7913272,14432739,338556028.02,-5.4772,25.6575,80.471096,4.211268
2022-05-23,sz.301136,22.1131008,22.29079536,21.59976096,22.29079536,22.48823376,9416706,209803293.49,-0.878,16.7404,79.764589,4.174295
2022-05-24,sz.301136,22.29079536,22.3105392,21.0271896,21.0271896,22.29079536,10253907,223715854.73,-5.6687,18.2287,75.242947,3.937665
2022-05-25,sz.301136,21.19501224,21.54052944,21.04693344,21.48129792,21.0271896,5702591,123597577.27,2.1596,10.1377,76.867912,4.022704
2022-05-26,sz.301136,21.48129792,22.1131008,21.48129792,21.8663028,21.48129792,7269460,161201068.74,1.7923,12.9232,78.2456,4.094802
2022-05-27,sz.301136,21.8663028,22.1624604,21.3727068,21.5701452,21.8663028,6134622,135450168.97,-1.3544,10.9057,77.18584,4.039342
2022-05-30,sz.301136,21.56027328,21.92553432,21.34309104,21.9156624,21.5701452,4958825,109125632.13,1.6018,8.8155,78.422227,4.104046
2022-05-31,sz.301136,21.9156624,22.25130768,21.5207856,21.98476584,21.9156624,5868198,129942688.88,0.3153,10.4321,78.669504,4.116986
2022-06-01,sz.301136,21.84593935,22.0740177,21.42944845,21.5186965,21.98476965,5775200,126391841.3,-2.12,10.2668,76.655961,4.011612
2022-06-02,sz.301136,21.3798662,21.66744325,21.2410359,21.50878005,21.5186965,3578644,77429563.2,-0.0461,6.3619,76.620635,4.009763
2022-06-06,sz.301136,21.5583623,21.94510385,21.44928135,21.84593935,21.50878005,5264870,115201027.89,1.5675,9.3595,77.821696,4.072618
2022-06-07,sz.301136,21.86577225,21.9153545,21.3203675,21.5186965,21.84593935,4643951,100777929.37,-1.498,8.2557,76.655961,4.011612
2022-06-08,sz.301136,21.56827875,21.6575268,20.7650463,21.022874,21.5186965,5721231,122112053.19,-2.3041,10.1708,74.889694,3.919179
2022-06-09,sz.301136,21.0427069,21.6376939,20.7848792,21.419532,21.022874,5799670,124453160.86,1.8868,10.3103,76.302707,3.993125
2022-06-10,sz.301136,21.1617043,21.419532,21.09228915,21.1617043,21.419532,4503750,96413167.05,-1.2037,8.0065,75.384249,3.94506
2022-06-13,sz.301136,21.0030411,21.419532,20.9237095,21.3005346,21.1617043,3540847,75712296.04,0.656,6.2947,75.878803,3.970941
2022-06-14,sz.301136,21.09228915,21.36994975,20.7848792,21.1220385,21.3005346,3438238,73066632.9,-0.838,6.1123,75.242947,3.937665
2022-06-15,sz.301136,21.13195495,21.5980281,21.0427069,21.3996991,21.1220385,5386683,116269538.5,1.3146,9.5761,76.232057,3.989428
2022-06-16,sz.301136,21.5980281,21.5980281,21.0823727,21.1815372,21.3996991,3541562,75920496.56,-1.0195,6.2959,75.454899,3.948757
2022-06-17,sz.301136,21.022874,21.1022056,20.427887,20.63613245,21.1815372,5765941,120404581.64,-2.5749,10.2503,73.512006,3.847081
2022-06-20,sz.301136,20.67579825,20.824545,20.5270515,20.71546405,20.63613245,3107179,64821171.66,0.3844,5.5237,73.794609,3.86187
2022-06-21,sz.301136,20.71546405,20.8840437,20.49730215,20.61629955,20.71546405,3271293,68193017.41,-0.4787,5.8155,73.441356,3.843383
2022-06-22,sz.301136,20.626216,20.71546405,19.7734013,19.8329,20.61629955,5310995,107742399.56,-3.7999,9.4415,70.650655,3.697338
2022-06-23,sz.301136,19.9717303,19.9915632,19.0990827,19.2775788,19.8329,6225780,121249122.4,-2.8,11.0678,68.672437,3.593813
2022-06-24,sz.301136,19.42632555,19.5155736,19.1585814,19.24782945,19.2775788,3592043,69994396.35,-0.1543,6.3857,68.566461,3.588267
2022-06-27,sz.301136,19.24782945,19.52549005,19.1387485,19.44615845,19.24782945,3644812,71070033.84,1.0304,6.4795,69.272967,3.62524
2022-06-28,sz.301136,19.3370775,20.5072186,19.14866495,20.1303935,19.44615845,6681646,134203101.92,3.5186,11.8782,71.710415,3.752798
2022-06-29,sz.301136,19.98164675,20.47746925,19.9518974,20.031229,20.1303935,5423334,110494168.34,-0.4926,9.6412,71.357161,3.734312
2022-06-30,sz.301136,20.10064415,20.10064415,19.74365195,19.78331775,20.031229,3556173,71170283.21,-1.2376,6.3219,70.474028,3.688095
2022-07-01,sz.301136,19.7932342,20.0113961,19.54532295,19.7932342,19.78331775,2773064,55393776.69,0.0501,4.9298,70.509354,3.689944
2022-07-04,sz.301136,19.8527329,19.92214805,19.60482165,19.74365195,19.7932342,1870582,37142357.84,-0.2505,3.3254,70.332727,3.6807
2022-07-05,sz.301136,19.7139026,19.7734013,19.2974117,19.3767433,19.74365195,3057417,60109611.02,-1.8584,5.4353,69.02569,3.6123
2022-07-06,sz.301136,19.3172446,19.3370775,18.6230931,18.7024247,19.3767433,3679019,70252533.38,-3.48,6.4343,66.623568,3.48659
2022-07-07,sz.301136,18.7420905,19.039584,18.047939,19.00983465,18.7024247,3967113,74517152.48,1.6437,6.9381,67.718653,3.543899
2022-07-08,sz.301136,18.85117145,19.08916625,18.67267535,18.67267535,19.00983465,3190681,60660649.02,-1.7736,5.5802,66.517592,3.481044
2022-07-11,sz.301136,18.43468055,18.55367795,18.1074377,18.27601735,18.67267535,3952440,72867626.09,-2.1243,6.563,65.104578,3.407097
2022-07-12,sz.301136,18.17685285,18.69250825,18.05785545,18.39501475,18.27601735,3657783,67880533.51,0.6511,6.0738,65.528482,3.429281
2022-07-13,sz.301136,18.39501475,19.1784143,18.2661009,18.83133855,18.39501475,4759924,90564202.6,2.372,7.9039,67.082797,3.510623
2022-07-14,sz.301136,18.7222576,18.7222576,18.31568315,18.39501475,18.83133855,3653323,68081426.93,-2.317,6.0664,65.528482,3.429281
2022-07-15,sz.301136,18.2661009,18.47434635,17.40336975,17.42320265,18.39501475,5268703,94473516.92,-5.283,8.7487,62.0666,3.248112
2022-07-18,sz.301136,17.46286845,18.59334375,17.46286845,18.45451345,17.42320265,6234838,114463239.7,5.9192,10.353,65.740434,3.440373
2022-07-19,sz.301136,18.6032602,18.642926,18.2066022,18.53384505,18.45451345,2936675,54536467.07,0.4299,4.8764,66.023037,3.455163
2022-07-20,sz.301136,18.53384505,19.36682685,18.53384505,19.1387485,18.53384505,6135520,117420316.0,3.2638,10.1881,68.177882,3.567931
2022-07-21,sz.301136,18.97016885,19.039584,18.7420905,18.7619234,19.1387485,3363803,63941958.15,-1.9689,5.5856,66.835519,3.497682
2022-07-22,sz.301136,18.79167275,18.9007537,18.4842628,18.6627589,18.7619234,3036636,57255462.6,-0.5285,5.0423,66.482266,3.479195
2022-07-25,sz.301136,18.67267535,18.83133855,18.4247641,18.4247641,18.6627589,1897977,35515218.06,-1.2752,3.1516,65.634458,3.434827
2022-07-26,sz.301136,18.5437615,18.59334375,18.0677719,18.53384505,18.4247641,2455103,45507103.91,0.592,4.0767,66.023037,3.455163
2022-07-27,sz.301136,18.51401215,18.73217405,18.4247641,18.6627589,18.53384505,1992946,37418308.46,0.6956,3.3093,66.482266,3.479195
2022-07-28,sz.301136,18.6627589,18.93050305,18.63300955,18.7024247,18.6627589,3068443,58160211.8,0.2125,5.0952,66.623568,3.48659
2022-07-29,sz.301136,18.6825918,18.81150565,18.2264351,18.25618445,18.7024247,2554355,47378491.18,-2.386,4.2415,65.033928,3.4034
2022-08-01,sz.301136,18.1272706,18.43468055,17.95869095,18.25618445,18.25618445,1814844,33263270.77,0.0,3.0136,65.033928,3.4034
2022-08-02,sz.301136,18.25618445,18.25618445,16.43155765,16.66955245,18.25618445,5736452,98150223.23,-8.6909,9.5254,59.381875,3.107613
2022-08-03,sz.301136,16.47122345,17.0166282,16.47122345,16.5604715,16.66955245,3015374,51018189.44,-0.6544,5.007,58.993297,3.087277
2022-08-04,sz.301136,16.68938535,17.00671175,16.64971955,16.90754725,16.5604715,2201257,37317177.07,2.0958,3.6552,60.229683,3.151981
2022-08-05,sz.301136,16.98687885,16.98687885,16.7191347,16.9174637,16.90754725,1843878,31362201.17,0.0587,3.0618,60.265009,3.15383
2022-08-08,sz.301136,17.056294,17.12570915,16.78854985,17.06621045,16.9174637,1858544,31887086.24,0.8792,3.0861,60.794888,3.18156
2022-08-09,sz.301136,17.06621045,17.1356256,16.86788145,16.96704595,17.06621045,1541318,26377018.11,-0.5811,2.5594,60.441635,3.163073
2022-08-10,sz.301136,16.9967953,17.0166282,16.6993018,16.78854985,16.96704595,1955060,33115701.0,-1.052,3.2464,59.805779,3.129797
2022-08-11,sz.301136,16.90754725,17.1951243,16.857965,17.02654465,16.78854985,2191292,37670413.16,1.4176,3.6386,60.653587,3.174165
2022-08-12,sz.301136,17.08604335,17.20504075,16.857965,17.06621045,17.02654465,2689186,46187113.08,0.233,4.4654,60.794888,3.18156
2022-08-15,sz.301136,17.02654465,17.0364611,16.82821565,17.0364611,17.06621045,1942700,33119685.0,-0.1743,3.2259,60.688913,3.176014
2022-08-16,sz.301136,17.34387105,17.5521165,17.0959598,17.2149572,17.0364611,3644958,63467140.43,1.0477,6.0525,61.324768,3.20929
2022-08-17,sz.301136,17.14554205,17.24470655,16.857965,16.9571295,17.2149572,2663175,45580040.79,-1.4977,4.4222,60.40631,3.161224
2022-08-18,sz.301136,16.94721305,16.94721305,16.66955245,16.74888405,16.9571295,2155946,36402630.18,-1.2281,3.58,59.664478,3.122402
2022-08-19,sz.301136,16.7588005,16.8777979,16.47122345,16.47122345,16.74888405,2329814,39057525.28,-1.6578,3.8687,58.675369,3.070639
2022-08-22,sz.301136,16.3423096,16.6398031,16.2233122,16.59022085,16.47122345,1659535,27598757.36,0.7225,2.7557,59.099273,3.092823
2022-08-23,sz.301136,16.45139055,16.53072215,16.3026438,16.3224767,16.59022085,1764674,29129669.28,-1.6139,2.9302,58.145489,3.042909
2022-08-24,sz.301136,16.33239315,16.461307,15.7274897,15.7671555,16.3224767,3122495,50601795.21,-3.4022,5.1849,56.167271,2.939384
2022-08-25,sz.301136,15.81673775,16.0051503,15.5886594,15.89606935,15.7671555,2311787,36816597.14,0.8176,3.8387,56.6265,2.963417
2022-08-26,sz.301136,15.8861529,15.9853174,15.65807455,15.69774035,15.89606935,1724944,27438030.2,-1.2477,2.8643,55.919993,2.926443
2022-08-29,sz.301136,15.4299962,15.77707195,14.9936724,15.7473226,15.69774035,1623932,25449278.04,0.3159,2.6965,56.09662,2.935687
2022-08-30,sz.301136,15.77707195,16.21339575,15.7671555,16.01506675,15.7473226,2518162,40774630.0,1.7003,4.1814,56.307633,3.010243
2022-08-31,sz.301136,15.9258187,16.064649,15.5886594,15.59857585,16.01506675,1988143,31707841.31,-2.6006,3.3013,54.843286,2.931958
2022-09-01,sz.301136,15.69774035,15.8266542,15.4498291,15.469662,15.59857585,1477672,23297613.0,-0.8264,2.4537,54.390036,2.907727
2022-09-02,sz.301136,15.4894949,16.4216412,15.3903304,16.09439835,15.469662,3878989,62674935.25,4.0385,6.4411,56.586556,3.025155
2022-09-05,sz.301136,16.0249832,16.3224767,15.83657065,16.1836464,16.09439835,2806555,45475854.58,0.5545,4.6603,56.900345,3.04193
2022-09-06,sz.301136,16.15389705,16.2431451,15.95556805,15.99523385,16.1836464,1625493,26285811.34,-1.1642,2.6991,56.237902,3.006515
2022-09-07,sz.301136,15.95556805,16.03489965,15.63824165,15.7869884,15.99523385,3075449,48829427.43,-1.3019,5.1068,55.505729,2.967373
2022-09-08,sz.301136,15.89606935,16.21339575,15.7274897,15.8068213,15.7869884,2139972,34330206.08,0.1256,3.5534,55.57546,2.971101
2022-09-09,sz.301136,15.7274897,16.0051503,15.6878239,15.8266542,15.8068213,1231153,19657799.71,0.1255,2.0443,55.64519,2.974829
2022-09-13,sz.301136,15.8266542,16.064649,15.8068213,15.97540095,15.8266542,1547138,24872756.58,0.9398,2.569,56.168172,3.002787
2022-09-14,sz.301136,15.667991,15.81673775,15.53907715,15.7274897,15.97540095,1357540,21468512.0,-1.5518,2.2542,55.296536,2.956189
2022-09-15,sz.301136,15.7869884,15.8861529,15.08292045,15.2911659,15.7274897,2073291,32324910.47,-2.7743,3.4427,53.762458,2.874176
2022-09-16,sz.301136,15.2911659,15.2911659,14.676346,14.676346,15.2911659,1858340,28009896.0,-4.0208,3.0858,51.600803,2.758613
2022-09-19,sz.301136,14.676346,14.70609535,14.3391867,14.52759925,14.676346,1224144,17915259.97,-1.0135,2.0327,51.077822,2.730654
2022-09-20,sz.301136,14.52759925,14.7953434,14.52759925,14.7358447,14.52759925,1283641,19029492.42,1.4334,2.1315,51.809996,2.769797
2022-09-21,sz.301136,14.70609535,14.8945079,14.40860185,14.8548421,14.7358447,1318919,19552614.44,0.8075,2.1901,52.228381,2.792164
2022-09-22,sz.301136,14.7755105,14.92425725,14.5375157,14.5573486,14.8548421,1064137,15788924.88,-2.0027,1.767,51.182418,2.736246
2022-09-23,sz.301136,14.60693085,14.6565131,13.99211095,14.0416932,14.5573486,1513560,21762534.31,-3.5422,2.5133,49.369417,2.639322
2022-09-26,sz.301136,13.89294645,14.03177675,13.69461745,13.75411615,14.0416932,1621058,22611710.62,-2.048,2.6918,48.35832,2.585268
2022-09-27,sz.301136,13.7441997,14.17060705,13.7441997,14.17060705,13.75411615,1430330,20186542.5,3.0281,2.3751,49.822667,2.663553
2022-09-28,sz.301136,14.26977155,14.26977155,13.684701,13.684701,14.17060705,1390300,19565026.0,-3.429,2.3086,48.114262,2.57222
2022-09-29,sz.301136,13.7838655,13.87311355,13.3872075,13.49628845,13.684701,1337174,18401763.88,-1.3768,2.2204,47.45182,2.536806
2022-09-30,sz.301136,13.5062049,13.5855365,13.3277088,13.3277088,13.49628845,971484,13139959.36,-1.2491,1.6132,46.859108,2.505119
2022-10-10,sz.301136,13.39712395,13.47645555,13.0698811,13.1095469,13.3277088,1206050,16125549.78,-1.6369,2.0027,46.092069,2.464112
2022-10-11,sz.301136,13.089714,13.1888785,12.6732231,13.0698811,13.1095469,2696972,35261164.88,-0.3026,4.4783,45.952607,2.456657
2022-10-12,sz.301136,13.02029885,13.3872075,12.891385,13.3872075,13.0698811,1472572,19553283.4,2.4279,2.4452,47.0683,2.516302
2022-10-13,sz.301136,13.3277088,13.8433642,13.29795945,13.67478455,13.3872075,2284440,31364370.2,2.1481,3.7933,48.079397,2.570356
2022-10-14,sz.301136,14.03177675,14.3788525,13.89294645,13.9821945,13.67478455,3068311,43593721.71,2.248,5.0949,49.160225,2.628138
2022-10-17,sz.301136,13.88303,14.1210248,13.83344775,14.081359,13.9821945,1998050,28283050.5,0.7092,3.3178,49.508879,2.646777
2022-10-18,sz.301136,14.2003564,14.6168473,14.1210248,14.1606906,14.081359,2498953,36068926.17,0.5634,4.1495,49.787802,2.661689
2022-10-19,sz.301136,14.09127545,14.21027285,13.9028629,13.95244515,14.1606906,1570371,22190071.04,-1.4706,2.6076,49.055628,2.622546
2022-10-20,sz.301136,13.9821945,14.1011919,13.7441997,13.9425287,13.95244515,1451030,20406112.0,-0.0711,2.4094,49.020763,2.620682
2022-10-21,sz.301136,14.081359,14.2400222,13.8631971,13.87311355,13.9425287,1415000,20011806.0,-0.4979,2.3496,48.776705,2.607635
2022-10-24,sz.301136,13.88303,14.17060705,13.51612135,13.5657036,13.87311355,1637611,22844878.93,-2.2159,2.7193,47.695878,2.549853
2022-10-25,sz.301136,13.5657036,13.6450352,13.2682101,13.51612135,13.5657036,1262655,17145210.65,-0.3655,2.0966,47.521551,2.540533
2022-10-26,sz.301136,13.4665391,13.91277935,13.4665391,13.7838655,13.51612135,1372477,19051358.42,1.9809,2.279,48.462917,2.590859
2022-10-27,sz.301136,13.99211095,14.0218603,13.7640326,13.85328065,13.7838655,1305865,18296364.54,0.5036,2.1684,48.706974,2.603907
2022-10-28,sz.301136,13.8433642,13.8433642,13.0302153,13.05996465,13.85328065,1635088,22038256.4,-5.7266,2.7151,55.623261,2.435294
2022-10-31,sz.301136,13.05996465,13.6053694,13.0500482,13.5062049,13.05996465,1764501,23912205.62,3.4169,2.93,57.523828,2.518505
2022-11-01,sz.301136,13.5855365,13.7640326,13.4467062,13.7243668,13.5062049,1188937,16340921.97,1.6153,1.9742,58.452994,2.559186
2022-11-02,sz.301136,13.9226958,14.54743215,13.9226958,14.0615261,13.7243668,3042400,43231024.77,2.4566,5.0519,59.888978,2.622056
2022-11-03,sz.301136,13.9821945,14.32927025,13.9425287,14.13094125,14.0615261,2514432,35876598.56,0.4937,4.1752,60.184622,2.635
2022-11-04,sz.301136,14.1011919,14.24993865,13.9821945,14.1805235,14.13094125,2136736,30471690.38,0.3509,3.5481,60.395796,2.644245
2022-11-07,sz.301136,14.21027285,14.4383512,14.09127545,14.42843475,14.1805235,2679051,38664630.44,1.7483,4.4486,61.451666,2.690473
2022-11-08,sz.301136,14.46810055,14.5375157,14.21027285,14.38876895,14.42843475,1841238,26631430.01,-0.2749,3.0574,61.282727,2.683077
2022-11-09,sz.301136,14.42843475,14.72592825,14.23010575,14.24993865,14.38876895,2273537,33036775.46,-0.9649,3.7752,60.691439,2.657189
2022-11-10,sz.301136,14.09127545,14.34910315,14.09127545,14.26977155,14.24993865,1565709,22507287.54,0.1392,2.5999,60.775909,2.660887
2022-11-11,sz.301136,14.4581841,14.676346,14.3590196,14.4581841,14.26977155,2776149,40640571.28,1.3204,4.6098,61.578371,2.696021
2022-11-14,sz.301136,14.68626245,14.7556776,14.32927025,14.44826765,14.4581841,2484711,36485391.73,-0.0686,4.1259,61.536136,2.694172
2022-11-15,sz.301136,14.42843475,14.58709795,14.3788525,14.5771815,14.44826765,1517755,22205214.75,0.8922,2.5202,62.085189,2.71821
2022-11-16,sz.301136,14.5573486,14.6366802,14.3986854,14.4581841,14.5771815,1457564,21332012.83,-0.8163,2.4203,61.578371,2.696021
2022-11-17,sz.301136,14.46810055,14.54743215,14.3788525,14.4581841,14.4581841,1069800,15582795.0,0.0,1.7764,61.578371,2.696021
2022-11-18,sz.301136,14.44826765,14.5573486,14.19043995,14.24993865,14.4581841,1345272,19492793.2,-1.4403,2.2338,60.691439,2.657189
2022-11-21,sz.301136,14.21027285,14.32927025,13.99211095,14.3193538,14.24993865,1125137,16074099.36,0.4871,1.8683,60.987083,2.670133
2022-11-22,sz.301136,14.32927025,14.9936724,14.2201893,14.7755105,14.3193538,3847796,56897667.6,3.1856,6.3893,62.929885,2.755193
2022-11-23,sz.301136,14.8350092,15.81673775,14.5573486,15.47957845,14.7755105,12192400,188844997.84,4.7651,20.2455,65.928557,2.88648
2022-11-24,sz.301136,15.1721685,15.36058105,14.68626245,14.80525985,15.47957845,7158456,108207793.81,-4.3562,11.8866,63.056589,2.76074
2022-11-25,sz.301136,14.7556776,15.02342175,14.478017,14.5176828,14.80525985,4067039,60435696.03,-1.9424,6.7533,61.83178,2.707115
2022-11-28,sz.301136,14.3788525,14.42843475,13.89294645,14.03177675,14.5176828,3754791,53545317.69,-3.347,6.2348,59.762273,2.616508
2022-11-29,sz.301136,14.36893605,15.0928369,14.1805235,15.02342175,14.03177675,6897759,102984235.54,7.0671,11.4538,63.985756,2.801421
2022-11-30,sz.301136,15.0531711,15.073004,14.52759925,14.6366802,15.02342175,4076100,60586344.06,-2.5743,6.7684,62.338597,2.729305
2022-12-01,sz.301136,14.7160118,14.7953434,14.478017,14.5771815,14.6366802,3028709,44584403.72,-0.4065,5.0292,62.085189,2.71821
2022-12-02,sz.301136,14.6168473,14.66642955,14.42843475,14.66642955,14.5771815,2246368,33015059.28,0.6122,3.7301,62.465302,2.734852
2022-12-05,sz.301136,14.82509275,15.06308755,14.64659665,15.04325465,14.66642955,4464590,67126501.98,2.5693,7.4135,64.070225,2.805119
2022-12-06,sz.301136,14.874675,14.9738395,14.5573486,14.6168473,15.04325465,3031066,44945728.84,-2.8345,5.0331,62.254128,2.725607
2022-12-07,sz.301136,14.5970144,14.5970144,14.2598551,14.34910315,14.6168473,2638613,38282073.25,-1.8318,4.3814,61.113788,2.67568
2022-12-08,sz.301136,14.3391867,14.40860185,14.05160965,14.2003564,14.34910315,1993115,28560098.01,-1.0366,3.3096,60.480265,2.647944
2022-12-09,sz.301136,14.1805235,14.26977155,14.01194385,14.2003564,14.2003564,1973372,28098209.68,0.0,3.2768,60.480265,2.647944
2022-12-12,sz.301136,14.2003564,14.2598551,13.79378195,13.87311355,14.2003564,2676472,37685098.39,-2.3045,4.4443,59.086516,2.586922
2022-12-13,sz.301136,13.88303,13.93261225,13.71445035,13.7640326,13.87311355,1519600,21155618.0,-0.7863,2.5233,58.621933,2.566582
2022-12-14,sz.301136,13.83344775,13.83344775,13.53595425,13.6648681,13.7640326,1470498,20320559.4,-0.7205,2.4418,58.199585,2.548091
2022-12-15,sz.301136,13.6252023,13.8235313,13.6252023,13.7838655,13.6648681,1001800,13889148.0,0.8708,1.6635,58.706403,2.57028
2022-12-16,sz.301136,13.73428325,13.7838655,13.4268733,13.45662265,13.7838655,1854530,25354347.6,-2.3741,3.0795,57.312654,2.509259
2022-12-19,sz.301136,13.39712395,13.4665391,12.98063305,13.04013175,13.45662265,1778000,23592996.0,-3.0951,2.9524,55.538791,2.431596
2022-12-20,sz.301136,12.9905495,13.17896205,12.9707166,13.02029885,13.04013175,1031600,13580438.0,-0.1521,1.713,55.454321,2.427898
2022-12-21,sz.301136,13.1690456,13.1690456,12.8517192,12.9112179,13.02029885,985272,12859650.76,-0.8378,1.636,54.989738,2.407558
2022-12-22,sz.301136,12.9905495,12.9905495,12.5145599,12.5343928,12.9112179,1538972,19742284.8,-2.9186,2.5555,53.384815,2.337291
2022-12-23,sz.301136,12.50464345,12.6533902,12.4352283,12.5542257,12.5343928,824400,10433767.0,0.1582,1.3689,53.469285,2.340989
2022-12-26,sz.301136,12.5542257,12.7128889,12.50464345,12.70297245,12.5542257,834600,10633958.0,1.1848,1.3859,54.102807,2.368726
2022-12-27,sz.301136,12.7128889,12.9707166,12.66330665,12.80213695,12.70297245,1327437,17165925.62,0.7806,2.2042,54.525155,2.387217
2022-12-28,sz.301136,12.78230405,12.80213695,12.4748941,12.5145599,12.80213695,1206337,15286107.46,-2.2463,2.0031,53.300346,2.333593
2022-12-29,sz.301136,12.494727,12.56414215,12.3757296,12.40547895,12.5145599,968300,12157581.0,-0.8716,1.6079,52.835763,2.313252
2022-12-30,sz.301136,12.4153954,12.52447635,12.3162309,12.3162309,12.40547895,785800,9824288.56,-0.7194,1.3048,52.455649,2.29661
2023-01-03,sz.301136,12.296398,12.60380795,12.2765651,12.5938915,12.3162309,1229805,15511664.1,2.2544,2.0421,53.638224,2.348386
2023-01-04,sz.301136,12.5938915,12.9508837,12.54430925,12.82196985,12.5938915,1793060,23107176.85,1.811,2.9774,54.609625,2.390915
2023-01-05,sz.301136,12.90130145,12.90130145,12.6732231,12.82196985,12.82196985,1416359,18227436.06,0.0,2.3519,54.609625,2.390915
2023-01-06,sz.301136,12.8517192,12.8517192,12.72280535,12.7525547,12.82196985,783372,10081685.48,-0.5414,1.3008,54.313981,2.377972
2023-01-09,sz.301136,12.80213695,12.8517192,12.6732231,12.7128889,12.7525547,987716,12714779.56,-0.311,1.6401,54.145042,2.370575
2023-01-10,sz.301136,12.70297245,12.74263825,12.6137244,12.62364085,12.7128889,772200,9860498.0,-0.702,1.2997,53.764929,2.353933
2023-01-11,sz.301136,12.62364085,12.84180275,12.24681575,12.24681575,12.62364085,3083537,38947847.86,-2.9851,2.9681,52.160005,2.283666
2023-01-12,sz.301136,12.28648155,12.3360638,12.00882095,12.0782361,12.24681575,3347626,40906411.5,-1.3765,3.2223,51.442013,2.252231
2023-01-13,sz.301136,12.098069,12.1774006,11.9790716,12.098069,12.0782361,1411446,17187280.52,0.1642,1.3586,51.526483,2.25593
2023-01-16,sz.301136,12.098069,12.4748941,12.098069,12.34598025,12.098069,3214083,39919506.54,2.0492,3.0937,52.582354,2.302158
2023-01-17,sz.301136,12.38564605,12.42531185,12.20714995,12.28648155,12.34598025,1528372,18972011.32,-0.4819,1.4711,52.328945,2.291063
2023-01-18,sz.301136,12.28648155,12.4352283,12.20714995,12.38564605,12.28648155,1332291,16568183.22,0.8071,1.2824,52.751293,2.309554
2023-01-19,sz.301136,12.4352283,12.6732231,12.32614735,12.52447635,12.38564605,1965011,24799203.13,1.1209,1.8914,53.34258,2.335442
2023-01-20,sz.301136,12.5343928,12.7922205,12.50464345,12.7525547,12.52447635,1977837,25276873.05,1.8211,1.9038,54.313981,2.377972
2023-01-30,sz.301136,12.8120534,12.96080015,12.78230405,12.92113435,12.7525547,2769118,35952712.46,1.3219,2.6654,55.031973,2.409407
2023-01-31,sz.301136,12.9508837,12.9508837,12.80213695,12.9310508,12.92113435,1582870,20588657.0,0.0767,1.5236,55.074208,2.411256
2023-02-01,sz.301136,12.94096725,13.1293798,12.9310508,13.11946335,12.9310508,2070298,27243102.03,1.4571,1.9928,55.87667,2.446389
2023-02-02,sz.301136,13.1095469,13.23846075,13.0103824,13.15912915,13.11946335,2069244,27364812.07,0.3023,1.9918,56.045609,2.453786
2023-02-03,sz.301136,13.1095469,13.15912915,12.94096725,13.0698811,13.15912915,1920400,25217828.0,-0.6782,1.8485,55.665496,2.437144
2023-02-06,sz.301136,13.00046595,13.89294645,12.9905495,13.88303,13.0698811,8744946,119729914.76,6.2215,8.4175,59.128751,2.588772
2023-02-07,sz.301136,13.87311355,14.5375157,13.53595425,14.24993865,13.88303,12739234,180226598.4,2.6429,12.2623,60.691439,2.657189
2023-02-08,sz.301136,13.9821945,14.2003564,13.87311355,13.9028629,14.24993865,6112190,86116485.18,-2.4356,5.8833,59.213221,2.59247
2023-02-09,sz.301136,13.79378195,13.97227805,13.73428325,13.91277935,13.9028629,4099900,57293068.0,0.0713,3.9464,59.255455,2.594319
2023-02-10,sz.301136,13.8631971,13.93261225,13.63511875,13.7045339,13.91277935,3754695,52168693.32,-1.4968,3.6141,58.368524,2.555487
2023-02-13,sz.301136,13.77394905,13.9425287,13.7045339,13.88303,13.7045339,2747697,38318496.94,1.3025,2.6448,59.128751,2.588772
2023-02-14,sz.301136,13.88303,14.0615261,13.7045339,13.8036984,13.88303,2977845,41638658.58,-0.5714,2.8696,58.790872,2.573979
2023-02-15,sz.301136,13.81361485,14.4383512,13.71445035,14.3788525,13.8036984,7749216,110774115.64,4.1667,7.4591,61.240492,2.681228
2023-02-16,sz.301136,14.2995209,14.2995209,13.65495165,13.7045339,14.3788525,6271066,88942844.99,-4.6897,6.0363,58.368524,2.555487
2023-02-17,sz.301136,13.71445035,13.83344775,13.486372,13.51612135,13.7045339,2515148,34556850.03,-1.3748,2.421,57.566063,2.520354
2023-02-20,sz.301136,13.6450352,13.71445035,13.4467062,13.71445035,13.51612135,2016606,27690620.66,1.4674,1.9411,58.410759,2.557337
2023-02-21,sz.301136,13.73428325,13.79378195,13.51612135,13.5657036,13.71445035,2511332,34537555.96,-1.0846,2.4173,57.777237,2.5296
2023-02-22,sz.301136,13.53595425,14.26977155,13.49628845,14.05160965,13.5657036,5647886,79544203.18,3.5819,5.4364,59.846743,2.620207
2023-02-23,sz.301136,13.99211095,14.1011919,13.8036984,13.85328065,14.05160965,2781291,39063745.11,-1.4114,2.6772,59.002047,2.583224
2023-02-24,sz.301136,13.8433642,13.97227805,13.7243668,13.77394905,13.85328065,1561700,21742271.0,-0.5727,1.5032,58.664168,2.568431
2023-02-27,sz.301136,13.77394905,13.83344775,13.486372,13.53595425,13.77394905,1906700,26208341.35,-1.7279,1.8353,57.650532,2.524052
2023-02-28,sz.301136,14.4185183,14.88459145,14.0218603,14.38876895,13.53595425,12402166,179614711.0,6.3004,11.9378,61.282727,2.683077
2023-03-01,sz.301136,14.5573486,15.073004,14.42843475,14.7953434,14.38876895,13883532,207030743.17,2.8256,13.3637,63.014355,2.758891
2023-03-02,sz.301136,14.68626245,15.14241915,14.5771815,14.6366802,14.7953434,10183488,152068867.88,-1.0724,9.8022,62.338597,2.729305
2023-03-03,sz.301136,14.6961789,14.78542695,14.3391867,14.38876895,14.6366802,5195895,75916736.65,-1.6938,5.0014,61.282727,2.683077
2023-03-06,sz.301136,14.52759925,14.52759925,14.0615261,14.17060705,14.38876895,4277277,61330193.1,-1.5162,4.1171,60.353561,2.642396
2023-03-07,sz.301136,14.17060705,14.4978499,13.9226958,14.01194385,14.17060705,4744259,68048575.25,-1.1197,4.5666,59.677804,2.61281
2023-03-08,sz.301136,13.89294645,14.26977155,13.87311355,14.23010575,14.01194385,3741372,53358430.32,1.557,3.6013,60.60697,2.653491
2023-03-09,sz.301136,14.23010575,14.9738395,13.99211095,14.8945079,14.23010575,13020953,193263336.85,4.669,12.5334,63.436703,2.777382
2023-03-10,sz.301136,14.78542695,14.88459145,14.40860185,14.4581841,14.8945079,7770937,114645844.89,-2.9294,7.48,61.578371,2.696021
2023-03-13,sz.301136,14.3986854,14.78542695,14.19043995,14.3590196,14.4581841,5423000,78910961.0,-0.6859,5.22,61.156022,2.677529
2023-03-14,sz.301136,14.3986854,14.44826765,13.83344775,14.01194385,14.3590196,5326656,75479656.28,-2.4171,5.1272,59.677804,2.61281
2023-03-15,sz.301136,14.1011919,14.3193538,14.01194385,14.17060705,14.01194385,3788396,54022857.92,1.1323,3.6466,60.353561,2.642396
2023-03-16,sz.301136,14.081359,14.13094125,13.73428325,13.77394905,14.17060705,4305237,60268777.3,-2.7992,4.144,58.664168,2.568431
2023-03-17,sz.301136,13.9028629,14.05160965,13.8433642,13.85328065,13.77394905,2742500,38570212.0,0.576,2.6398,59.002047,2.583224
2023-03-20,sz.301136,13.89294645,14.0020274,13.5458707,13.55578715,13.85328065,3511472,48570847.63,-2.1475,3.38,57.735002,2.527751
2023-03-21,sz.301136,13.5458707,13.67478455,13.4665391,13.6252023,13.55578715,2513630,34399304.2,0.5121,2.4195,58.030646,2.540694
2023-03-22,sz.301136,13.6450352,14.4383512,13.6450352,14.23010575,13.6252023,7251309,103508001.67,4.4396,6.9798,60.60697,2.653491
2023-03-23,sz.301136,14.03177675,14.84492565,14.0020274,14.62676375,14.23010575,10440000,152664995.4,2.7875,10.0491,62.296363,2.727456
2023-03-24,sz.301136,14.5771815,14.6168473,14.3788525,14.5573486,14.62676375,5965338,87268907.16,-0.4746,5.742,62.000719,2.714512
2023-03-27,sz.301136,14.5771815,14.7755105,14.38876895,14.72592825,14.5573486,5893617,86842468.24,1.158,5.6729,62.718711,2.745947
2023-03-28,sz.301136,14.78542695,14.8151763,14.3391867,14.3391867,14.72592825,4930881,72010367.8,-2.6263,4.7463,61.071553,2.673831
2023-03-29,sz.301136,14.42843475,14.44826765,14.0416932,14.1210248,14.3391867,3629300,51893877.0,-1.5214,3.4934,60.142387,2.633151
2023-03-30,sz.301136,14.2201893,14.2201893,13.79378195,13.8433642,14.1210248,2652000,37210343.0,-1.9663,2.5527,58.959812,2.581375
2023-03-31,sz.301136,13.88303,14.03177675,13.8235313,13.97227805,13.8433642,2180700,30604737.0,0.9312,2.0991,59.508864,2.605414
2023-04-03,sz.301136,13.97227805,14.4383512,13.9226958,14.3391867,13.97227805,4320771,62150059.95,2.626,4.159,61.071553,2.673831
2023-04-04,sz.301136,14.2400222,14.478017,14.11110835,14.279688,14.3391867,3710985,53431895.25,-0.4149,3.572,60.818144,2.662736
2023-04-06,sz.301136,14.1805235,14.60693085,13.9623616,13.99211095,14.279688,4250500,60970815.0,-2.0139,4.0914,59.593334,2.609112
2023-04-07,sz.301136,14.0615261,14.279688,13.91277935,14.17060705,13.99211095,3269994,46411699.64,1.2757,3.1476,60.353561,2.642396
2023-04-10,sz.301136,14.1805235,14.478017,13.79378195,13.8631971,14.17060705,4610876,65599690.77,-2.1693,4.4382,59.044281,2.585073
2023-04-11,sz.301136,13.8433642,14.70609535,13.73428325,14.5573486,13.8631971,9035636,130723756.0,5.0072,8.6973,62.000719,2.714512
2023-04-12,sz.301136,14.38876895,15.10275335,14.38876895,15.08292045,14.5573486,12547496,187742756.72,3.6104,12.0777,64.239165,2.812515
2023-04-13,sz.301136,15.00358885,15.6084923,14.7953434,15.36058105,15.08292045,14374608,220366306.51,1.8409,13.8364,65.42174,2.864291
2023-04-14,sz.301136,15.271333,15.7473226,15.02342175,15.22175075,15.36058105,12865724,199452672.42,-0.9038,12.384,64.830452,2.838403
2023-04-17,sz.301136,15.2316672,15.30108235,14.7160118,14.9341737,15.22175075,7570148,114050236.55,-1.8893,7.2867,63.605642,2.784779
2023-04-18,sz.301136,15.00358885,15.1325027,14.676346,14.7953434,14.9341737,5409872,81000500.94,-0.9296,5.2073,63.014355,2.758891
2023-04-19,sz.301136,14.84492565,15.02342175,14.7160118,14.8350092,14.7953434,5078806,75918595.74,0.2681,4.8886,63.183294,2.766287
2023-04-20,sz.301136,14.7358447,14.9143408,14.5176828,14.7160118,14.8350092,5173839,76565125.45,-0.8021,4.9801,62.676476,2.744098
2023-04-21,sz.301136,14.8151763,15.12258625,14.11110835,14.23010575,14.7160118,6915531,101564062.04,-3.3019,6.6566,60.60697,2.653491
2023-04-24,sz.301136,14.1805235,14.1805235,13.5855365,13.71445035,14.23010575,5226204,73039569.96,-3.6237,5.0305,58.410759,2.557337
2023-04-25,sz.301136,13.6648681,13.81361485,12.50464345,12.76247115,13.71445035,6231379,81499867.03,-6.9414,5.9981,54.356216,2.379821
2023-04-26,sz.301136,12.7922205,13.0302153,12.6335573,12.66330665,12.76247115,2781638,35913996.94,-0.777,2.6775,53.933868,2.36133
2023-04-27,sz.301136,12.68313955,12.8318863,12.42531185,12.44514475,12.66330665,3185937,40570893.01,-1.7228,3.0666,53.004702,2.320649
2023-04-28,sz.301136,12.78230405,14.7755105,12.76247115,14.4383512,12.44514475,10844228,151258684.14,16.0159,10.4382,72.08313,2.641892
2023-05-04,sz.301136,14.46810055,14.5771815,14.13094125,14.34910315,14.4383512,4712716,67812796.48,-0.6181,4.5363,71.637561,2.625562
2023-05-05,sz.301136,14.56726505,15.45974555,14.52759925,15.0333382,14.34910315,10129408,154310967.15,4.7685,9.7501,75.053589,2.750761
2023-05-08,sz.301136,14.92425725,15.34074815,14.84492565,14.98375595,15.0333382,8074972,122551216.7,-0.3298,7.7726,74.806051,2.741689
2023-05-09,sz.301136,14.96392305,15.1920014,14.5573486,14.6366802,14.98375595,5534189,82810745.47,-2.3163,5.327,73.073283,2.678182
2023-05-10,sz.301136,14.5970144,14.9540066,14.478017,14.72592825,14.6366802,3521089,52372532.99,0.6098,3.3893,73.518852,2.694512
2023-05-11,sz.301136,14.70609535,15.10275335,14.64659665,15.02342175,14.72592825,4232089,63711033.1,2.0202,4.0736,75.004081,2.748947
2023-05-12,sz.301136,14.88459145,14.9738395,14.64659665,14.676346,15.02342175,2834100,42208719.0,-2.3102,2.728,73.271314,2.68544
2023-05-15,sz.301136,14.62676375,14.76559405,14.38876895,14.66642955,14.676346,2631210,38637168.8,-0.0676,2.5327,73.221806,2.683625
2023-05-16,sz.301136,14.74576115,14.74576115,14.26977155,14.32927025,14.66642955,2882000,41794864.0,-2.2989,2.7741,71.538546,2.621933
2023-05-17,sz.301136,14.2995209,14.4581841,14.2003564,14.44826765,14.32927025,2326086,33626627.97,0.8304,2.239,72.132638,2.643707
2023-05-18,sz.301136,14.34910315,14.5375157,14.11110835,14.52759925,14.44826765,3379000,48851619.7,0.5491,3.2525,72.528699,2.658222
2023-05-19,sz.301136,14.5176828,14.5176828,13.9623616,14.11110835,14.52759925,3074050,43845717.5,-2.8669,2.959,70.449378,2.582014
2023-05-22,sz.301136,14.11110835,14.1210248,13.73428325,13.7838655,14.11110835,2294540,32004103.48,-2.319,2.2086,68.815626,2.522136
2023-05-23,sz.301136,13.75411615,13.81361485,13.486372,13.51612135,13.7838655,2077373,28586595.56,-1.9424,1.9996,67.478919,2.473145
2023-05-24,sz.301136,13.49628845,13.69461745,13.4467062,13.5260378,13.51612135,1646498,22508278.22,0.0734,1.5849,67.528427,2.474959
2023-05-25,sz.301136,13.47645555,13.75411615,13.3475417,13.5657036,13.5260378,2986080,40719048.72,0.2933,2.8743,67.726458,2.482217
2023-05-26,sz.301136,14.17060705,14.74576115,13.75411615,13.89294645,13.5657036,8340129,118667868.63,2.4123,8.0279,69.36021,2.542095
2023-05-29,sz.301136,13.69461745,13.8036984,13.1888785,13.2483772,13.89294645,5798750,78934801.5,-4.6395,5.5816,66.142213,2.424154
2023-05-30,sz.301136,13.33762525,14.2400222,13.19879495,13.87311355,13.2483772,7190338,99979546.7,4.7156,6.9211,69.261195,2.538466
2023-05-31,sz.301136,13.7441997,13.95244515,13.6252023,13.83344775,13.87311355,3658695,50811679.12,-0.2859,3.5217,69.063164,2.531208
2023-06-01,sz.301136,13.78354004,13.96319516,13.6737508,13.89332928,13.83344424,2793800,38737602.0,0.4329,2.6892,68.914641,2.525765
2023-06-02,sz.301136,13.86338676,13.98315684,13.8234634,13.94323348,13.89332928,2296095,31994105.42,0.3592,2.2101,69.162179,2.534837
2023-06-05,sz.301136,14.0230802,14.0230802,13.76357836,13.8234634,13.94323348,1781831,24712031.11,-0.859,1.7151,68.568087,2.513064
2023-06-06,sz.301136,13.7735592,14.56204556,13.73363584,14.28258204,13.8234634,8117745,115957088.8,3.3213,7.8138,70.845439,2.59653
2023-06-07,sz.301136,14.1228886,14.5720264,13.93325264,14.1228886,14.28258204,5676969,80539364.9,-1.1181,5.4644,70.053317,2.567498
2023-06-08,sz.301136,13.973176,14.95129832,13.96319516,14.74170068,14.1228886,11803255,173569212.49,4.3816,11.3613,73.122791,2.679996
2023-06-09,sz.301136,14.65187312,14.91137496,14.43229464,14.59198808,14.74170068,8648927,127012753.77,-1.0156,8.3251,72.380176,2.652779
2023-06-12,sz.301136,14.49217968,14.721739,14.29256288,14.63191144,14.59198808,4558092,66239767.64,0.2736,4.3874,72.578207,2.660037
2023-06-13,sz.301136,14.63191144,14.63191144,14.30254372,14.44227548,14.63191144,4021100,57979437.0,-1.296,3.8705,71.637561,2.625562
2023-06-14,sz.301136,14.3724096,14.43229464,14.08296524,14.1228886,14.44227548,4120912,58632489.52,-2.2115,3.9666,70.053317,2.567498
2023-06-15,sz.301136,14.0729844,14.23267784,13.99313768,14.11290776,14.1228886,2478072,34956076.64,-0.0707,2.3853,70.003809,2.565684
2023-06-16,sz.301136,14.13286944,14.5720264,14.01309936,14.472218,14.11290776,4952316,71533887.9,2.546,4.7669,71.786084,2.631005
2023-06-19,sz.301136,14.41233296,14.56204556,14.28258204,14.51214136,14.472218,3604413,52161454.22,0.2759,3.4695,71.984115,2.638263
2023-06-20,sz.301136,14.5221222,14.55206472,14.16281196,14.20273532,14.51214136,3066540,43902211.92,-2.132,2.9517,70.449378,2.582014
2023-06-21,sz.301136,14.18277364,14.29256288,13.8234634,13.83344424,14.20273532,2763857,38776132.14,-2.6001,2.6604,68.617595,2.514878
2023-06-26,sz.301136,13.723655,13.8234634,13.24457468,13.31444056,13.83344424,3042000,41044238.0,-3.7518,2.9281,66.043198,2.420525
2023-06-27,sz.301136,13.29447888,13.68373164,13.29447888,13.64380828,13.31444056,1805700,24483742.0,2.4738,1.7381,67.67695,2.480403
2023-06-28,sz.301136,13.66376996,13.6737508,13.20465132,13.43421064,13.64380828,1851765,24832578.65,-1.5362,1.7824,66.637289,2.442299
2023-06-29,sz.301136,13.38430644,13.66376996,13.38430644,13.50407652,13.43421064,1392087,18907112.31,0.5201,1.34,66.983843,2.455
2023-06-30,sz.301136,13.46415316,13.75359752,13.45417232,13.69371248,13.50407652,1493886,20478252.56,1.4043,1.438,67.924488,2.489475
2023-07-03,sz.301136,13.66376996,13.95321432,13.65378912,13.71367416,13.69371248,2079500,28647688.0,0.1458,2.0016,68.023503,2.493104
2023-07-04,sz.301136,13.66376996,13.83344424,13.61386576,13.75359752,13.71367416,1731543,23791028.6,0.2911,1.6667,68.221534,2.500362
2023-07-05,sz.301136,13.723655,13.89332928,13.65378912,13.6737508,13.75359752,1688262,23299699.64,-0.5806,1.6251,67.825473,2.485846
2023-07-06,sz.301136,13.60388492,13.723655,13.54399988,13.6238466,13.6737508,1355570,18514373.86,-0.365,1.3048,67.577935,2.476774
2023-07-07,sz.301136,13.6238466,13.65378912,13.36434476,13.41424896,13.6238466,1551700,20946821.0,-1.5385,1.4936,66.538274,2.43867
2023-07-10,sz.301136,13.56396156,14.19275448,13.43421064,13.8733676,13.41424896,4606015,63847987.94,3.4226,4.4336,68.815626,2.522136
2023-07-11,sz.301136,13.96319516,14.39237128,13.68373164,14.39237128,13.8733676,6787898,96468005.85,3.741,6.5337,71.390023,2.616489
2023-07-12,sz.301136,14.2726012,14.60196892,14.09294608,14.14285028,14.39237128,6083200,87298047.0,-1.7337,5.8554,70.152332,2.571127
2023-07-13,sz.301136,14.18277364,14.18277364,13.94323348,14.11290776,14.14285028,3643605,51327000.11,-0.2117,3.5072,70.003809,2.565684
2023-07-14,sz.301136,14.0230802,14.15283112,14.01309936,14.08296524,14.11290776,1889502,26664701.2,-0.2122,1.8188,69.855286,2.56024
2023-07-17,sz.301136,14.0230802,14.24265868,13.8733676,14.24265868,14.08296524,2676179,37790460.44,1.1339,2.576,70.647409,2.589272
2023-07-18,sz.301136,14.21271616,14.21271616,14.01309936,14.04304188,14.24265868,1550583,21862824.4,-1.4015,1.4925,69.657256,2.552982
2023-07-19,sz.301136,14.04304188,14.44227548,14.04304188,14.38239044,14.04304188,4041032,57969819.92,2.4165,3.8897,71.340516,2.614675
2023-07-20,sz.301136,14.30254372,14.40235212,14.09294608,14.14285028,14.38239044,2826271,40173166.73,-1.6655,2.7205,70.152332,2.571127
2023-07-21,sz.301136,14.14285028,14.36242876,14.01309936,14.36242876,14.14285028,4380495,62466261.62,1.5526,4.2165,71.2415,2.611046
2023-07-24,sz.301136,14.5221222,14.85148992,13.91329096,14.4223138,14.36242876,7284906,104780175.87,0.417,7.0121,71.538546,2.621933
2023-07-25,sz.301136,14.222697,15.14093428,14.222697,15.0211642,14.4223138,12407919,184838644.3,4.1522,11.9433,74.509005,2.730802
2023-07-26,sz.301136,14.8215474,16.44842432,14.7716432,15.83959308,15.0211642,26347981,414064678.68,5.4485,25.3615,78.568632,2.87959
2023-07-27,sz.301136,15.5202062,16.30869256,15.1708768,15.56012956,15.83959308,20706851,324781149.25,-1.7643,19.9315,77.182418,2.828784
2023-07-28,sz.301136,15.4203978,16.1190566,15.4203978,15.87951644,15.56012956,16552911,260397209.3,2.0526,15.9331,78.766662,2.886848
2023-07-31,sz.301136,16.32865424,16.62807944,15.58009124,15.79966972,15.87951644,16933341,269951198.07,-0.5028,16.2993,78.370601,2.872332
2023-08-01,sz.301136,15.4203978,15.8695356,15.26070436,15.470302,15.79966972,12009002,186579526.85,-2.0846,11.5594,76.736849,2.812454
2023-08-02,sz.301136,15.50024452,15.65993796,14.97126,15.10101092,15.470302,9798815,149223325.78,-2.3871,9.4319,74.905066,2.745318
2023-08-03,sz.301136,14.88143244,15.0710684,14.73171984,14.94131748,15.10101092,4675674,69819189.24,-1.0575,4.5006,74.112944,2.716286
2023-08-04,sz.301136,14.97126,15.34055108,14.79160488,14.8714516,14.94131748,7811379,117629179.4,-0.4676,7.5189,73.76639,2.703585
2023-08-07,sz.301136,14.76166236,14.91137496,14.46223716,14.58200724,14.8714516,5216991,76317954.75,-1.9463,5.0217,72.330668,2.650964
2023-08-08,sz.301136,14.51214136,15.0710684,14.51214136,14.7716432,14.58200724,4400472,65262998.6,1.3005,4.2357,73.271314,2.68544
2023-08-09,sz.301136,14.8215474,15.24074268,14.59198808,14.96127916,14.7716432,6360464,95280234.48,1.2838,6.1223,74.211959,2.719915
2023-08-10,sz.301136,14.89141328,14.97126,14.63191144,14.73171984,14.96127916,3710504,54814410.68,-1.5344,3.5716,73.073283,2.678182
2023-08-11,sz.301136,14.73171984,14.96127916,14.472218,14.472218,14.73171984,3356648,49431969.99,-1.7615,3.231,71.786084,2.631005
2023-08-14,sz.301136,14.29256288,14.64189228,14.28258204,14.56204556,14.472218,2305100,33378259.85,0.6207,2.2188,72.231653,2.647336
2023-08-15,sz.301136,14.55206472,14.66185396,14.34246708,14.48219884,14.56204556,2538793,36773903.22,-0.5483,2.4437,71.835592,2.63282
2023-08-16,sz.301136,14.46223716,14.73171984,14.20273532,14.51214136,14.48219884,3396980,49230993.75,0.2068,3.2698,71.984115,2.638263
2023-08-17,sz.301136,14.45225632,14.83152824,14.2726012,14.8215474,14.51214136,4118376,60208872.36,2.132,3.9642,73.518852,2.694512
2023-08-18,sz.301136,14.74170068,15.06108756,14.69179648,14.70177732,14.8215474,4197947,62564712.81,-0.8081,4.0408,72.92476,2.672738
2023-08-21,sz.301136,14.6219306,15.00120252,14.6219306,14.84150908,14.70177732,3559085,53070488.82,0.9504,3.4258,73.617867,2.698141
2023-08-22,sz.301136,14.81156656,15.21080016,14.5720264,15.20081932,14.84150908,6035169,90619737.93,2.421,5.8092,75.400142,2.763463
2023-08-23,sz.301136,15.36051276,15.969344,15.05110672,15.51022536,15.20081932,12792230,198160834.62,2.0355,12.3133,76.934879,2.819712
2023-08-24,sz.301136,15.24074268,16.62807944,15.23076184,16.4184818,15.51022536,23396341,376847762.33,5.8559,22.5203,81.440075,2.98483
2023-08-25,sz.301136,16.0691524,17.04727472,15.77970804,15.77970804,16.4184818,22386856,365271893.45,-3.8906,21.5487,78.271586,2.868703
2023-08-28,sz.301136,16.32865424,18.93365348,15.30062772,18.93365348,15.77970804,49051430,889648855.61,19.9873,47.2149,93.916001,3.442081
2023-08-29,sz.301136,18.99353852,21.94786716,17.965512,20.87991728,18.93365348,53036026,1049687940.76,10.2794,51.0503,103.569992,3.795905
2023-08-30,sz.301136,19.96168,20.40083696,18.64420912,19.35284876,20.87991728,39974593,776926544.04,-7.3136,38.4779,118.045201,3.563586
2023-08-31,sz.301136,18.99353852,19.72213984,17.20696816,17.62616344,19.35284876,35031745,632083057.7,-8.9221,33.7201,107.51306,3.245639
2023-09-01,sz.301136,17.67606764,17.89564612,16.33863508,16.38853928,17.62616344,25476038,432735377.74,-7.0215,24.5222,99.964012,3.017746
2023-09-04,sz.301136,16.3186734,16.58815608,16.15897996,16.3685776,16.38853928,15430334,252628223.19,-0.1218,14.8526,99.842253,3.01407
2023-09-05,sz.301136,16.2687692,16.27875004,15.5202062,15.69986132,16.3685776,16552058,262584966.75,-4.0854,15.9323,95.763332,2.890934
2023-09-06,sz.301136,15.719823,16.03920988,15.4203978,16.00926736,15.69986132,13898922,219964666.5,1.9708,13.3785,97.650594,2.947907
2023-09-07,sz.301136,15.8196314,16.00926736,15.56012956,15.56012956,16.00926736,9620810,151610871.64,-2.8055,9.2606,94.91102,2.865204
2023-09-08,sz.301136,15.54016788,15.63997628,15.2706852,15.45034032,15.56012956,7589294,117109779.5,-0.7056,7.3051,94.241346,2.844988
2023-09-11,sz.301136,15.3704936,15.51022536,15.220781,15.46032116,15.45034032,5438767,83883358.65,0.0646,5.2351,94.302226,2.846826
2023-09-12,sz.301136,15.5202062,15.62999544,15.2706852,15.54016788,15.46032116,7596578,118093052.38,0.5165,7.3121,94.789261,2.861528
2023-09-13,sz.301136,16.7678112,18.55438156,16.74784952,16.97740884,15.54016788,42494965,740006605.41,9.2486,40.9039,103.555898,3.126179
2023-09-14,sz.301136,16.468386,16.95744716,15.46032116,15.48028284,16.97740884,29405053,469784972.62,-8.8183,28.3041,94.423985,2.850501
2023-09-15,sz.301136,15.03114504,15.23076184,14.5221222,14.63191144,15.48028284,20988593,311173249.82,-5.4803,20.2027,89.249234,2.694284
2023-09-18,sz.301136,14.45225632,14.63191144,14.31252456,14.48219884,14.63191144,10116554,146621373.7,-1.0232,9.7378,88.336042,2.666717
2023-09-19,sz.301136,14.41233296,14.76166236,14.41233296,14.56204556,14.48219884,8149187,118919919.08,0.5513,7.8441,88.823078,2.681419
2023-09-20,sz.301136,14.60196892,14.60196892,14.29256288,14.41233296,14.56204556,6967017,100451194.78,-1.0281,6.7062,87.909886,2.653852
2023-09-21,sz.301136,14.3724096,14.60196892,14.28258204,14.34246708,14.41233296,5488756,79223174.9,-0.4848,5.2832,87.48373,2.640987
2023-09-22,sz.301136,14.23267784,14.53210304,14.14285028,14.50216052,14.34246708,6438546,92835259.66,1.1134,6.1975,88.457801,2.670392
2023-09-25,sz.301136,14.45225632,14.65187312,14.38239044,14.40235212,14.50216052,5444956,79119199.72,-0.6882,5.2411,87.849007,2.652014
2023-09-26,sz.301136,14.30254372,14.69179648,14.30254372,14.5221222,14.40235212,5978198,87211454.08,0.8316,5.7544,88.57956,2.674068
2023-09-27,sz.301136,14.51214136,14.64189228,14.39237128,14.39237128,14.5221222,5553401,80799859.16,-0.8935,5.3455,87.788128,2.650176
2023-09-28,sz.301136,14.40235212,14.54208388,14.40235212,14.45225632,14.39237128,3621890,52510216.52,0.4161,3.4863,88.153404,2.661203
2023-10-09,sz.301136,14.25263952,14.4223138,14.21271616,14.29256288,14.45225632,4004346,57397555.89,-1.105,3.8544,87.179333,2.631798
2023-10-10,sz.301136,14.30254372,14.51214136,14.222697,14.49217968,14.29256288,4921107,70751033.92,1.3966,4.7369,88.396922,2.668555
2023-10-11,sz.301136,14.45225632,14.5720264,14.33248624,14.41233296,14.49217968,3795070,54935343.92,-0.551,3.653,87.909886,2.653852
2023-10-12,sz.301136,14.50216052,14.50216052,14.08296524,14.10292692,14.41233296,5913344,84295614.13,-2.1468,5.6919,86.022624,2.596878
2023-10-13,sz.301136,14.0230802,14.06300356,13.58392324,13.65378912,14.10292692,6888584,94934388.96,-3.1847,6.6307,83.28305,2.514175
2023-10-16,sz.301136,13.65378912,13.75359752,13.36434476,13.49409568,13.65378912,3641792,49357880.36,-1.1696,3.5054,82.308979,2.48477
2023-10-17,sz.301136,13.46415316,13.5240382,13.23459384,13.33440224,13.49409568,2933010,39151381.24,-1.1834,2.8232,81.334909,2.455364
2023-10-18,sz.301136,13.24457468,13.2745172,12.96511116,12.975092,13.33440224,3246504,42502176.36,-2.6946,3.1249,79.143249,2.389202
2023-10-19,sz.301136,12.9251878,13.25455552,12.89524528,12.99505368,12.975092,3151000,41304459.0,0.1538,3.033,79.265008,2.392877
2023-10-20,sz.301136,12.8752836,13.14476628,12.84534108,12.88526444,12.99505368,3809453,49487992.01,-0.8449,3.6668,78.595335,2.372661
2023-10-23,sz.301136,12.80541772,12.86530276,12.36626076,12.44610748,12.88526444,3823276,48115296.16,-3.4082,3.6801,75.91664,2.291796
2023-10-24,sz.301136,12.5758584,13.04495788,12.5758584,13.01501536,12.44610748,4787300,61861663.0,4.571,4.6081,79.386767,2.396553
2023-10-25,sz.301136,13.79352088,13.95321432,13.44419148,13.723655,13.01501536,10528789,143714037.65,5.4448,10.1346,83.709206,2.52704
2023-10-26,sz.301136,13.66376996,13.70369332,13.25455552,13.50407652,13.723655,6998700,94258121.15,-1.6,6.7367,82.369859,2.486608
2023-10-27,sz.301136,13.46415316,13.63382744,13.18468964,13.31444056,13.50407652,5143600,68533031.0,-1.4043,4.951,100.715995,2.506416
2023-10-30,sz.301136,13.19467048,13.4242298,13.19467048,13.35436392,13.31444056,2823700,37685948.0,0.2999,2.718,101.017992,2.513931
2023-10-31,sz.301136,13.2745172,13.71367416,13.2745172,13.41424896,13.35436392,6381619,86260853.5,0.4484,6.1427,101.470987,2.525205
2023-11-01,sz.301136,13.3743256,13.474134,13.1747088,13.2745172,13.41424896,4183747,55778628.93,-1.0417,4.0271,100.413998,2.4989
2023-11-02,sz.301136,13.29447888,13.3244214,13.10484292,13.10484292,13.2745172,2930431,38752387.27,-1.2782,2.8207,99.130511,2.466959
2023-11-03,sz.301136,13.1248046,13.3244214,13.10484292,13.224613,13.10484292,2621764,34744965.27,0.9139,2.5236,100.036501,2.489506
2023-11-06,sz.301136,13.29447888,13.51405736,13.2745172,13.50407652,13.224613,3826541,51479658.49,2.1132,3.6833,102.15048,2.542114
2023-11-07,sz.301136,13.5240382,13.54399988,13.3244214,13.50407652,13.50407652,2785297,37542813.86,0.0,2.681,102.15048,2.542114
2023-11-08,sz.301136,13.5739424,14.05302272,13.48411484,13.84342508,13.50407652,7943204,109601909.24,2.5129,7.6458,104.717455,2.605996
2023-11-09,sz.301136,13.88334844,14.18277364,13.66376996,13.76357836,13.84342508,7885131,109873032.68,-0.5768,7.5899,104.113461,2.590965
2023-11-10,sz.301136,13.61386576,13.73363584,13.43421064,13.60388492,13.76357836,4696876,63778232.9,-1.1603,4.521,102.905473,2.560903
2023-11-13,sz.301136,13.6238466,14.05302272,13.60388492,13.98315684,13.60388492,4736300,65873772.0,2.788,4.559,105.774444,2.6323
2023-11-14,sz.301136,13.9232718,14.16281196,13.86338676,14.06300356,13.98315684,4959482,69493859.46,0.571,4.7738,106.378438,2.647331
2023-11-15,sz.301136,14.13286944,14.222697,13.973176,14.0230802,14.06300356,4682880,66083301.85,-0.2839,4.5075,106.076441,2.639816
2023-11-16,sz.301136,13.86338676,14.0729844,13.83344424,13.8733676,14.0230802,3233200,45215826.0,-1.0676,3.1121,104.943952,2.611633
2023-11-17,sz.301136,13.86338676,14.04304188,13.81348256,13.973176,13.8733676,2541822,35451363.96,0.7194,2.4467,105.698945,2.630421
2023-11-20,sz.301136,13.98315684,14.04304188,13.85340592,14.01309936,13.973176,2537901,35504653.96,0.2857,2.4429,106.000942,2.637937
2023-11-21,sz.301136,14.06300356,14.25263952,13.93325264,13.973176,14.01309936,4383023,62046266.34,-0.2849,4.2189,105.698945,2.630421
2023-11-22,sz.301136,13.91329096,14.25263952,13.88334844,13.91329096,13.973176,4474700,62994941.0,-0.4286,4.3072,105.245949,2.619148
2023-11-23,sz.301136,13.78354004,13.98315684,13.68373164,13.93325264,13.91329096,2997500,41605091.14,0.1435,2.8853,105.396948,2.622906
2023-11-24,sz.301136,13.96319516,14.16281196,13.53401904,13.58392324,13.93325264,3864700,53169414.0,-2.5072,3.72,102.754474,2.557145
2023-11-27,sz.301136,13.53401904,13.70369332,13.48411484,13.61386576,13.58392324,2499383,34027395.37,0.2204,2.4058,102.980972,2.562782
2023-11-28,sz.301136,13.56396156,13.723655,13.49409568,13.63382744,13.61386576,2336000,31895993.0,0.1466,2.2485,103.131971,2.56654
2023-11-29,sz.301136,13.64380828,13.64380828,13.224613,13.29447888,13.63382744,3214884,43063445.52,-2.489,3.0945,100.564996,2.502658
2023-11-30,sz.301136,13.30445972,13.34438308,12.975092,13.1248046,13.29447888,2323178,30561241.47,-1.2763,2.2362,99.281509,2.470717
2023-12-01,sz.301136,13.15474712,13.33440224,13.01501536,13.31444056,13.1248046,1757100,23284022.0,1.4449,1.6913,100.715995,2.506416
2023-12-04,sz.301136,13.33440224,13.43421064,13.224613,13.31444056,13.31444056,1844900,24652931.0,0.0,1.7758,100.715995,2.506416
2023-12-05,sz.301136,13.38430644,13.41424896,12.94514948,12.975092,13.31444056,2336500,30660191.0,-2.5487,2.249,98.14902,2.442534
2023-12-06,sz.301136,12.99505368,13.11482376,12.88526444,13.01501536,12.975092,1624200,21211002.0,0.3077,1.5634,98.451017,2.45005
2023-12-07,sz.301136,12.94514948,13.08488124,12.90522612,12.98507284,13.01501536,1695755,22053429.69,-0.2301,1.6323,98.22452,2.444413
2023-12-08,sz.301136,12.98507284,13.10484292,12.66568596,12.70560932,12.98507284,2429100,31242607.0,-2.1522,2.3382,96.110541,2.391805
2023-12-11,sz.301136,12.6257626,12.85532192,12.54591588,12.79543688,12.70560932,2485300,31661337.0,0.707,2.3922,96.790034,2.408714
2023-12-12,sz.301136,12.79543688,13.00503452,12.7754752,12.96511116,12.79543688,2281300,29467169.0,1.3261,2.1959,98.073521,2.440655
2023-12-13,sz.301136,12.96511116,12.99505368,12.85532192,12.89524528,12.96511116,1776100,22997189.0,-0.5389,1.7096,97.545026,2.427503
2023-12-14,sz.301136,12.89524528,13.21463216,12.81539856,13.08488124,12.89524528,3704165,48490029.0,1.4706,3.5655,98.979512,2.463202
2023-12-15,sz.301136,13.09486208,13.1747088,12.94514948,13.04495788,13.08488124,3446042,45053342.36,-0.3051,3.317,98.677515,2.455686
2023-12-18,sz.301136,13.13478544,13.4242298,12.8253794,12.84534108,13.04495788,5668622,74494499.05,-1.5302,5.4564,97.16753,2.418109
2023-12-19,sz.301136,12.74553268,12.96511116,12.55589672,12.6756668,12.84534108,3702741,47205575.47,-1.3209,3.5641,95.884043,2.386168
2023-12-20,sz.301136,12.70560932,13.05493872,12.6756668,12.76549436,12.6756668,3766682,48574252.97,0.7087,3.6257,96.563536,2.403078
2023-12-21,sz.301136,12.725571,12.80541772,12.45608832,12.69562848,12.76549436,3349100,42387526.72,-0.5473,3.2237,96.035041,2.389926
2023-12-22,sz.301136,12.75551352,12.75551352,12.40618412,12.46606916,12.69562848,2576672,32265631.28,-1.8082,2.4802,94.298559,2.346712
2023-12-25,sz.301136,12.47605,12.51597336,12.1766248,12.226529,12.46606916,2332323,28656543.33,-1.9215,2.245,92.486577,2.301619
2023-12-26,sz.301136,12.2764332,12.29639488,12.04687388,12.08679724,12.226529,1960583,23808486.47,-1.1429,1.8872,91.429587,2.275314
2023-12-27,sz.301136,12.1267206,12.15666312,11.96702716,12.11673976,12.08679724,1452406,17555543.66,0.2477,1.398,91.656085,2.280951
2023-12-28,sz.301136,12.08679724,12.45608832,11.90714212,12.41616496,12.11673976,2600604,32023413.12,2.4712,2.5032,93.921063,2.337317
2023-12-29,sz.301136,12.40618412,12.6257626,12.3762416,12.6257626,12.41616496,1937104,24324819.6,1.6881,1.8646,95.506547,2.376774
2024-01-02,sz.301136,12.68564764,12.7754752,12.64572428,12.68564764,12.6257626,2231651,28447118.21,0.4743,2.1481,95.959542,2.388047
2024-01-03,sz.301136,12.65570512,12.73555184,12.53593504,12.59582008,12.68564764,1644900,20809605.0,-0.7081,1.5833,95.280049,2.371137
2024-01-04,sz.301136,12.83536024,12.84534108,12.5259542,12.63574344,12.59582008,1295227,16354479.27,0.317,1.2467,95.582046,2.378652
2024-01-05,sz.301136,12.58583924,12.66568596,12.3762416,12.44610748,12.63574344,1705632,21394917.32,-1.5008,1.6418,94.14756,2.342954
2024-01-08,sz.301136,12.5259542,12.65570512,12.31635656,12.31635656,12.44610748,1891774,23666094.02,-1.0425,1.8209,93.16607,2.318529
2024-01-09,sz.301136,12.2764332,12.54591588,12.25647152,12.29639488,12.31635656,1826405,22677218.5,-0.1621,1.758,93.015072,2.314771
2024-01-10,sz.301136,12.29639488,12.31635656,12.0269122,12.05685472,12.29639488,1632400,19858048.05,-1.9481,1.5713,91.20309,2.269678
2024-01-11,sz.301136,12.05685472,12.28641404,12.0269122,12.26645236,12.05685472,1494335,18250402.45,1.7384,1.4384,92.788574,2.309134
2024-01-12,sz.301136,12.3762416,12.56587756,12.24649068,12.25647152,12.26645236,2502900,31101741.0,-0.0814,2.4092,92.713075,2.307255
2024-01-15,sz.301136,12.14668228,12.25647152,11.98698884,12.05685472,12.25647152,1769361,21426657.71,-1.6287,1.7031,91.20309,2.269678
2024-01-16,sz.301136,12.1267206,12.1267206,11.74744868,11.98698884,12.05685472,2189919,26142390.1,-0.5795,2.1079,90.674595,2.256526
2024-01-17,sz.301136,11.98698884,12.53593504,11.8771996,11.90714212,11.98698884,5947745,72404105.05,-0.6661,5.7251,90.070601,2.241495
2024-01-18,sz.301136,11.71750616,11.89716128,11.35819592,11.63765944,11.90714212,5159944,59995762.24,-2.2632,4.9667,88.032121,2.190765
2024-01-19,sz.301136,11.63765944,11.70752532,11.35819592,11.35819592,11.63765944,2137100,24537710.0,-2.4014,2.0571,85.918142,2.138157
2024-01-22,sz.301136,11.31827256,11.4280618,10.56970956,10.65953712,11.35819592,2643343,29034754.5,-6.1511,2.5444,80.633195,2.006636
2024-01-23,sz.301136,10.58967124,10.73938384,10.3800736,10.6295946,10.65953712,1922297,20333500.36,-0.2809,1.8503,80.406697,2.000999
2024-01-24,sz.301136,10.74936468,11.01884736,10.49984368,10.978924,10.6295946,2747769,29749415.29,3.2864,2.6449,83.049171,2.06676
2024-01-25,sz.301136,10.98890484,11.7773912,10.98890484,11.76741036,10.978924,5118802,58903592.82,7.1818,4.9271,89.013611,2.215191
2024-01-26,sz.301136,11.7773912,12.35627992,11.7773912,11.977008,11.76741036,4940059,59635084.54,1.7812,4.7551,90.599096,2.254647
2024-01-29,sz.301136,11.80733372,11.96702716,11.38813844,11.39811928,11.977008,3508572,40826963.96,-4.8333,3.3772,86.220139,2.145672
2024-01-30,sz.301136,11.3282534,11.40810012,10.978924,11.03880904,11.39811928,2172400,24388612.0,-3.1524,2.0911,83.502167,2.078033
2024-01-31,sz.301136,11.15857912,11.16855996,10.3301694,10.41001612,11.03880904,3023900,32346539.0,-5.6962,2.9107,78.745714,1.959664
2024-02-01,sz.301136,10.32018856,10.37009276,9.86106992,10.01078252,10.41001612,2770200,27961345.0,-3.8351,2.6665,75.725744,1.884509
2024-02-02,sz.301136,10.07066756,10.20041848,8.982756,9.26221952,10.01078252,3507400,33274979.0,-7.4776,3.3761,70.063301,1.743594
2024-02-05,sz.301136,9.2821812,9.2821812,7.71518932,7.89484444,9.26221952,6237310,50939739.19,-14.7629,6.0038,59.719904,1.486188
2024-02-06,sz.301136,7.81499772,8.1343846,7.10635808,7.76509352,7.89484444,5589742,42252486.06,-1.6435,5.3805,58.738414,1.461763
2024-02-07,sz.301136,7.8349594,7.8349594,7.0364922,7.0863964,7.76509352,7437379,54184477.26,-8.7404,7.1589,53.604465,1.333999
2024-02-08,sz.301136,7.16624312,7.92478696,6.8368754,7.87488276,7.0863964,8794608,64710994.12,11.1268,8.4653,59.568905,1.48243
2024-02-19,sz.301136,7.91480612,8.42382896,7.91480612,8.25415468,7.87488276,6700300,55072203.85,4.8162,6.4494,62.437877,1.553827
2024-02-20,sz.301136,8.24417384,8.56356072,8.0844804,8.483714,8.25415468,4151883,34847432.72,2.7811,3.9964,64.174359,1.597042
2024-02-21,sz.301136,8.37392476,8.96279432,8.3340014,8.65338828,8.483714,5604126,49075382.62,2.0,5.3943,65.457847,1.628982
2024-02-22,sz.301136,8.56356072,9.25223868,8.42382896,9.12248776,8.65338828,5603263,50370430.76,5.421,5.3935,69.006311,1.717289
2024-02-23,sz.301136,9.12248776,9.481798,9.04264104,9.481798,9.12248776,5544528,51526359.48,3.9387,5.3369,71.724284,1.784929
2024-02-26,sz.301136,9.54168304,10.06068672,9.2821812,9.69139564,9.481798,6593247,63942893.89,2.2105,6.3464,73.309768,1.824385
2024-02-27,sz.301136,9.66145312,10.0307442,9.52172136,10.02076336,9.69139564,4124884,40819079.77,3.3986,3.9704,75.801243,1.886388
2024-02-28,sz.301136,10.04072504,10.31020772,8.91289012,8.91289012,10.02076336,7254380,70109088.0,-11.0558,6.9828,67.420827,1.677833
2024-02-29,sz.301136,8.8330434,9.39197044,8.75319668,9.34206624,8.91289012,5055600,46732637.59,4.8152,4.8663,70.667295,1.758625
2024-03-01,sz.301136,9.52172136,9.62152976,9.24225784,9.49177884,9.34206624,3887100,36838710.0,1.6026,3.7416,71.799783,1.786808
2024-03-04,sz.301136,9.5816064,9.6814148,9.15243028,9.45185548,9.49177884,3455300,32509300.0,-0.4206,3.3259,71.497786,1.779292
2024-03-05,sz.301136,9.42191296,9.42191296,9.09254524,9.14244944,9.45185548,2712500,25083096.0,-3.2735,2.6109,69.15731,1.721047
2024-03-06,sz.301136,9.17239196,9.34206624,9.04264104,9.22229616,9.14244944,2652100,24496559.0,0.8734,2.5528,69.761304,1.736078
2024-03-07,sz.301136,9.24225784,10.46990116,9.1823728,9.6814148,9.22229616,9513822,93642077.06,4.9784,9.1576,73.234269,1.822506
2024-03-08,sz.301136,9.65147228,9.76126152,9.232277,9.51174052,9.6814148,7697784,72735880.76,-1.7526,7.4096,71.950782,1.790565
2024-03-11,sz.301136,9.481798,9.55166388,9.32210456,9.55166388,9.51174052,4683300,44308983.0,0.4197,4.5079,72.252779,1.798081
2024-03-12,sz.301136,9.5816064,9.75128068,9.46183632,9.75128068,9.55166388,6072424,58672027.15,2.0899,5.8451,73.762764,1.835658
2024-03-13,sz.301136,9.731319,9.79120404,9.5317022,9.71135732,9.75128068,5038017,48774906.81,-0.4094,4.8494,73.460767,1.828143
2024-03-14,sz.301136,9.70137648,9.7812232,9.44187464,9.59158724,9.71135732,3505381,33890844.19,-1.2333,3.3741,72.554776,1.805596
2024-03-15,sz.301136,9.59158724,9.76126152,9.51174052,9.731319,9.59158724,3533995,34255117.0,1.4568,3.4017,73.611765,1.831901
2024-03-18,sz.301136,9.81116572,10.01078252,9.7812232,10.01078252,9.731319,3760201,37270050.52,2.8718,3.6194,75.725744,1.884509
2024-03-19,sz.301136,10.0307442,10.04072504,9.87105076,9.91097412,10.01078252,3594498,35787728.92,-0.997,3.4599,74.970752,1.86572
2024-03-20,sz.301136,9.9309358,10.17047596,9.89101244,10.16049512,9.91097412,3928474,39568797.14,2.5176,3.7814,76.858233,1.912692
2024-03-21,sz.301136,10.15051428,10.1804568,9.8810316,10.11059092,10.16049512,4794549,48245608.07,-0.4912,4.615,76.480737,1.903298
2024-03-22,sz.301136,10.0307442,10.09062924,9.76126152,9.82114656,10.11059092,3693610,36539682.87,-2.8628,3.5553,74.291258,1.84881
2024-03-25,sz.301136,9.79120404,9.8311274,9.40195128,9.41193212,9.82114656,3620788,34950816.9,-4.1667,3.4852,71.195789,1.771777
2024-03-26,sz.301136,9.3320854,9.54168304,9.232277,9.46183632,9.41193212,3230617,30347710.63,0.5302,3.1097,71.573286,1.781171
2024-03-27,sz.301136,9.39197044,9.45185548,8.95281348,8.982756,9.46183632,3073497,28278890.83,-5.0633,2.9584,67.949322,1.690985
2024-03-28,sz.301136,9.07258356,9.55166388,9.02267936,9.47181716,8.982756,3389895,31822451.6,5.4444,3.263,71.648785,1.78305
2024-03-29,sz.301136,9.481798,9.8810316,9.35204708,9.70137648,9.47181716,3822211,37048622.22,2.4236,3.6791,73.385267,1.826264
2024-04-01,sz.301136,9.76126152,9.90099328,9.72133816,9.89101244,9.70137648,4006000,39400197.0,1.9547,3.856,74.819753,1.861963
2024-04-02,sz.301136,9.8810316,10.1804568,9.87105076,10.12057176,9.89101244,4790501,48360711.13,2.3209,4.6111,76.556236,1.905177
2024-04-03,sz.301136,10.1305526,10.1305526,9.74129984,9.92095496,10.12057176,3837520,37964543.37,-1.9724,3.6938,75.046251,1.867599
2024-04-08,sz.301136,9.84110824,9.95089748,9.36202792,9.37200876,9.92095496,3886298,37332140.03,-5.5332,3.7408,70.893792,1.764261
2024-04-09,sz.301136,9.3819896,9.56164472,9.34206624,9.481798,9.37200876,2330300,22085353.48,1.1715,2.243,71.724284,1.784929
2024-04-10,sz.301136,9.47181716,9.481798,8.91289012,9.06260272,9.481798,3801751,34711307.08,-4.4211,3.6594,68.553316,1.706016
2024-04-11,sz.301136,8.99273684,9.25223868,8.79312004,9.10252608,9.06260272,2648900,24188626.0,0.4405,2.5497,68.855313,1.713532
2024-04-12,sz.301136,9.07258356,9.27220036,8.8330434,8.8829476,9.10252608,2836072,25584547.52,-2.4123,2.7299,67.194329,1.672196
2024-04-15,sz.301136,8.91289012,8.96279432,8.10444208,8.29407804,8.8829476,5119300,43063689.0,-6.6292,4.9276,62.739874,1.561343
2024-04-16,sz.301136,8.25415468,8.25415468,7.51557252,7.59541924,8.29407804,4278578,33189921.26,-8.4236,4.1184,57.454926,1.429822
2024-04-17,sz.301136,7.6852468,8.3340014,7.65530428,8.32402056,7.59541924,4602117,37504697.23,9.5926,4.4298,62.966371,1.56698
2024-04-18,sz.301136,8.3340014,8.4338098,8.05453788,8.30405888,8.32402056,2976214,24723230.99,-0.2398,2.8648,62.815373,1.563222
2024-04-19,sz.301136,8.2840972,8.76317752,8.0844804,8.32402056,8.30405888,5609796,46993103.84,0.2404,5.3998,62.966371,1.56698
2024-04-22,sz.301136,9.00271768,9.34206624,8.57354156,8.59350324,8.32402056,10530058,94176093.58,3.2374,10.1358,65.004851,1.617709
2024-04-23,sz.301136,8.60348408,10.31020772,8.60348408,10.31020772,8.59350324,10149042,101758149.02,19.9768,9.769,77.990722,1.940875
2024-04-24,sz.301136,10.2802652,11.30829172,9.80118488,10.5297862,10.31020772,27646322,293395917.86,2.1297,26.6112,79.651705,1.98221
2024-04-25,sz.301136,10.1804568,12.19658648,10.1804568,11.26836836,10.5297862,28674210,316274883.26,7.0142,27.6006,189.559254,2.112486
2024-04-26,sz.301136,10.978924,11.14859828,10.479882,10.5796904,11.26836836,22537122,243058287.44,-6.1116,21.6933,177.974145,1.98338
2024-04-29,sz.301136,10.27028436,10.3800736,10.02076336,10.3800736,10.5796904,17723008,181224300.94,-1.8868,17.0594,174.616142,1.945957
2024-04-30,sz.301136,10.20041848,10.31020772,9.72133816,9.90099328,10.3800736,12727113,126542365.9,-4.6154,12.2506,166.556936,1.856144
2024-05-06,sz.301136,9.97085916,10.31020772,9.96087832,10.30022688,9.90099328,11232090,114295606.53,4.0323,10.8115,173.272941,1.930988
2024-05-07,sz.301136,10.3800736,10.81923056,10.1305526,10.79926888,10.30022688,15661921,165040536.15,4.845,15.0755,181.667948,2.024544
2024-05-08,sz.301136,10.56970956,10.73938384,10.31020772,10.50982452,10.79926888,9078951,95292510.66,-2.6802,8.739,176.798844,1.970282
2024-05-09,sz.301136,10.36011192,11.06875156,10.2802652,10.9290198,10.50982452,13028628,140566125.04,3.9886,12.5408,183.85065,2.048868
2024-05-10,sz.301136,10.80924972,10.91903896,10.46990116,10.729403,10.9290198,9905068,106057459.53,-1.8265,9.5342,180.492647,2.011446
2024-05-13,sz.301136,10.36011192,10.50982452,9.99082084,10.1305526,10.729403,8080314,82450462.03,-5.5814,7.7778,170.418639,1.899179
2024-05-14,sz.301136,10.1305526,10.21039932,9.98084,10.06068672,10.1305526,4392746,44225819.3,-0.6897,4.2283,169.243338,1.886082
2024-05-15,sz.301136,10.0307442,10.6794988,9.89101244,10.41001612,10.06068672,8934646,92573523.36,3.4722,8.6001,175.119843,1.951571
2024-05-16,sz.301136,10.41001612,11.24840668,10.34015024,11.13861744,10.41001612,18339170,201386865.51,6.999,17.6525,187.376553,2.088162
2024-05-17,sz.301136,11.1785408,11.65762112,10.95896232,11.65762112,11.13861744,20424128,233598718.07,4.6595,19.6594,196.10736,2.18546
2024-05-20,sz.301136,11.65762112,11.66760196,11.09869408,11.35819592,11.65762112,14333440,162701609.16,-2.5685,13.7968,191.070356,2.129326
2024-05-21,sz.301136,11.3282534,11.81731456,11.16855996,11.54783188,11.35819592,14678485,169294238.24,1.6696,14.1289,194.260458,2.164877
2024-05-22,sz.301136,11.43804264,12.0768164,11.1785408,11.73746784,11.54783188,17424704,204948225.6,1.6422,16.7723,197.450561,2.200429
2024-05-23,sz.301136,11.5278702,11.63765944,10.99888568,11.08871324,11.73746784,12005602,135105877.28,-5.5272,11.5561,186.537052,2.078806
2024-05-24,sz.301136,10.978924,11.16855996,10.53976704,10.65953712,11.08871324,7682602,82743951.98,-3.8704,7.395,179.317346,1.998348
2024-05-27,sz.301136,10.60963292,10.86913476,10.3301694,10.75934552,10.65953712,7728198,82061967.12,0.9363,7.4388,180.996347,2.01706
2024-05-28,sz.301136,10.6295946,10.74936468,10.41001612,10.45992032,10.75934552,5416300,57083507.0,-2.7829,5.2135,175.959343,1.960926
2024-05-29,sz.301136,10.3800736,10.6295946,10.3800736,10.49984368,10.45992032,3584901,37768048.61,0.3817,3.4507,176.630944,1.968411
2024-05-30,sz.301136,10.48986284,10.76932636,10.30022688,10.41999696,10.49984368,4579800,47973598.0,-0.7605,4.4083,175.287743,1.953442
2024-05-31,sz.301136,10.42,11.08,10.27,10.92,10.42,9906240,105677122.42,4.7985,9.5353,183.346949,2.043255
2024-06-03,sz.301136,11.0,11.02,10.15,10.28,10.92,6922600,72991758.0,-5.8608,6.6634,172.60134,1.923504
2024-06-04,sz.301136,10.47,12.34,10.47,12.34,10.28,16010899,189161582.66,20.0389,15.4114,207.188769,2.308953
2024-06-05,sz.301136,13.88,13.88,12.3,12.38,12.34,34980690,455823432.73,0.3241,33.671,207.860369,2.316438
2024-06-06,sz.301136,12.14,12.26,10.5,10.56,12.38,25503201,285804101.1,-14.7011,24.5483,177.302544,1.975895
2024-06-07,sz.301136,10.5,10.69,9.6,9.83,10.56,19533604,196543597.32,-6.9129,18.8022,165.045834,1.839304
2024-06-11,sz.301136,9.7,9.9,9.22,9.75,9.83,10192188,97736750.14,-0.8138,9.8106,163.702633,1.824335
2024-06-12,sz.301136,9.8,10.3,9.68,10.18,9.75,12047011,121713304.22,4.4103,11.5959,170.922339,1.904793
2024-06-13,sz.301136,10.15,10.43,9.88,9.95,10.18,9670901,96850830.23,-2.2593,9.3088,167.060636,1.861757
2024-06-14,sz.301136,9.9,10.18,9.74,10.09,9.95,9254100,92551249.0,1.407,8.9076,169.411238,1.887953
2024-06-17,sz.301136,10.27,11.63,10.19,10.94,10.09,21749008,236897073.75,8.4242,20.9347,183.682749,2.046997
2024-06-18,sz.301136,11.06,11.66,10.9,11.43,10.94,20673888,233540952.21,4.479,19.8998,191.909856,2.138682
2024-06-19,sz.301136,11.44,12.95,11.35,11.9,11.43,27653875,330863387.06,4.112,26.6185,199.801163,2.226624
2024-06-20,sz.301136,11.78,11.85,11.08,11.11,11.9,17817075,202527435.7,-6.6387,17.15,186.537052,2.078806
2024-06-21,sz.301136,11.22,12.22,10.98,11.36,11.11,20431500,237876797.8,2.2502,19.6665,190.734555,2.125584
2024-06-24,sz.301136,11.3,11.63,10.6,10.77,11.36,14870119,162583195.26,-5.1937,14.3134,180.828447,2.015188
2024-06-25,sz.301136,10.58,12.0,10.5,11.07,10.77,17984504,203776599.0,2.7855,17.3111,185.865451,2.071322
2024-06-26,sz.301136,10.77,11.57,10.41,11.49,11.07,17791650,195942349.5,3.794,17.1255,192.917257,2.149909
2024-06-27,sz.301136,11.29,11.79,11.22,11.38,11.49,15148249,173987445.19,-0.9574,14.5811,191.070356,2.129326
2024-06-28,sz.301136,11.13,11.9,11.05,11.78,11.38,17666764,205751305.24,3.5149,17.0053,197.786361,2.204171
2024-07-01,sz.301136,11.72,12.55,11.6,12.11,11.78,22118534,267324458.89,2.8014,21.2904,203.327065,2.265918
2024-07-02,sz.301136,11.79,12.09,11.46,11.92,12.11,14602955,170703337.06,-1.569,14.0562,200.136963,2.230366
2024-07-03,sz.301136,11.72,11.78,11.2,11.3,11.92,10932533,124654277.25,-5.2013,10.5232,189.727154,2.114357
2024-07-04,sz.301136,11.54,11.61,10.75,10.8,11.3,9306634,102941577.64,-4.4248,8.9582,181.332148,2.020802
2024-07-05,sz.301136,10.75,11.16,10.38,10.96,10.8,7666816,83210429.11,1.4815,7.3798,184.01855,2.05074
2024-07-08,sz.301136,10.95,10.95,10.52,10.57,10.96,5404813,57626847.28,-3.5584,5.2024,177.470444,1.977766
2024-07-09,sz.301136,10.5,10.85,10.1,10.81,10.57,8334429,87265973.09,2.2706,8.0224,181.500048,2.022673
2024-07-10,sz.301136,10.74,11.35,10.64,10.97,10.81,9676416,106611694.84,1.4801,9.3141,184.18645,2.052611
2024-07-11,sz.301136,11.5,11.6,11.08,11.16,10.97,9331700,104916785.0,1.732,8.9823,187.376553,2.088162
2024-07-12,sz.301136,11.09,11.65,11.01,11.5,11.16,12390600,141593755.0,3.0466,11.9267,193.085157,2.15178
2024-07-15,sz.301136,11.38,11.42,10.96,10.99,11.5,8036100,89694339.0,-4.4348,7.7352,184.52225,2.056353
2024-07-16,sz.301136,10.95,10.95,10.63,10.83,10.99,5829000,62604565.0,-1.4559,5.6108,181.835848,2.026415
2024-07-17,sz.301136,10.77,10.9,10.37,10.37,10.83,6409831,67627906.81,-4.2475,6.1698,174.112442,1.940344
2024-07-18,sz.301136,10.21,10.21,9.76,9.94,10.37,7167000,71275605.0,-4.1466,6.8987,166.892736,1.859886
2024-07-19,sz.301136,9.84,10.16,9.78,10.01,9.94,4402200,43939888.0,0.7042,4.2374,168.068037,1.872984
2024-07-22,sz.301136,9.98,10.2,9.97,10.2,10.01,3485300,35281881.0,1.8981,3.3548,171.258139,1.908535
2024-07-23,sz.301136,10.19,10.39,9.94,9.94,10.2,4817552,48978318.32,-2.549,4.6372,166.892736,1.859886
2024-07-24,sz.301136,9.85,9.93,9.63,9.65,9.94,4694000,45752008.0,-2.9175,4.5182,162.023632,1.805624
2024-07-25,sz.301136,9.55,9.92,9.49,9.88,9.65,3915900,38045388.0,2.3834,3.7693,165.885335,1.848659
2024-07-26,sz.301136,9.88,10.66,9.85,10.63,9.88,10505000,108625876.0,7.5911,10.1117,178.477845,1.988993
2024-07-29,sz.301136,10.55,11.5,10.41,11.44,10.63,15304537,169770864.29,7.6199,14.7315,192.077756,2.140553
2024-07-30,sz.301136,11.33,13.43,11.33,12.3,11.44,31601066,389383654.41,7.5175,30.4179,206.517168,2.301469
2024-07-31,sz.301136,12.04,13.18,11.69,12.49,12.3,26012995,317052569.82,1.5447,25.039,209.707271,2.33702
2024-08-01,sz.301136,12.23,12.36,11.84,11.97,12.49,19442149,235136613.83,-4.1633,18.7142,200.976464,2.239722
2024-08-02,sz.301136,11.82,14.36,11.8,12.84,11.97,39581112,529057964.13,7.2682,38.0991,215.583775,2.402509
2024-08-05,sz.301136,12.92,13.05,11.5,11.5,12.84,29079075,353890597.68,-10.4361,27.9903,193.085157,2.15178
2024-08-06,sz.301136,11.76,13.8,11.76,13.8,11.5,26034240,336794516.64,20.0,25.0595,231.702189,2.582136
2024-08-07,sz.301136,13.84,16.56,13.51,16.56,13.8,38625738,590036276.49,20.0,37.1795,278.042626,3.098563
2024-08-08,sz.301136,18.0,19.53,15.13,15.71,16.56,55769184,986424912.4,-5.1329,53.6811,263.771115,2.939518
2024-08-09,sz.301136,14.56,16.98,14.44,15.0,15.71,44394502,684789789.32,-4.5194,42.7323,251.850205,2.806669
2024-08-12,sz.301136,15.44,15.77,13.7,14.07,15.0,34442301,493015934.38,-6.2,33.1527,236.235492,2.632656
2024-08-13,sz.301136,14.19,14.9,13.79,14.36,14.07,29906600,426200225.1,2.0611,28.7868,241.104596,2.686918
2024-08-14,sz.301136,14.1,15.68,14.01,14.69,14.36,33443694,497351146.74,2.2981,32.1915,246.645301,2.748665
2024-08-15,sz.301136,13.95,13.96,13.08,13.51,14.69,28181678,381748177.52,-8.0327,27.1265,226.833085,2.527873
2024-08-16,sz.301136,13.65,13.94,12.96,12.98,13.51,22454189,299368009.99,-3.923,21.6135,217.934377,2.428704
2024-08-19,sz.301136,12.81,13.12,12.46,12.81,12.98,17259139,220757751.26,-1.3097,16.6129,215.080075,2.396895
2024-08-20,sz.301136,12.84,12.88,12.3,12.47,12.81,12054000,150404054.0,-2.6542,11.6027,209.37147,2.333278
2024-08-21,sz.301136,12.41,12.72,12.23,12.59,12.47,10039288,126132030.56,0.9623,9.6634,211.386272,2.355731
2024-08-22,sz.301136,12.5,12.79,12.25,12.33,12.59,10234900,127515486.0,-2.0651,9.8517,207.020869,2.307082
2024-08-23,sz.301136,12.22,12.37,11.89,12.03,12.33,9865600,118991923.0,-2.4331,9.4962,201.983864,2.250949
2024-08-26,sz.301136,12.78,13.0,12.07,12.32,12.03,18749145,232035484.79,2.4106,18.0471,206.852968,2.305211
2024-08-27,sz.301136,12.66,14.74,12.45,13.9,12.32,39243895,518565209.1,12.8247,37.7745,233.38119,2.600847
2024-08-28,sz.301136,13.27,13.36,12.29,12.29,13.9,24909928,314918836.71,-11.5827,23.9773,206.349268,2.299598
2024-08-29,sz.301136,11.98,12.05,11.28,11.37,12.29,20448156,234538596.23,-7.4858,19.6825,190.902455,2.127455
2024-08-30,sz.301136,11.12,11.97,11.12,11.75,11.37,17578543,203181052.85,3.3421,16.9204,391.49253,2.211538
2024-09-02,sz.301136,11.66,11.95,11.47,11.52,11.75,14115900,165121874.0,-1.9574,13.5874,383.829272,2.168248
2024-09-03,sz.301136,11.41,11.59,11.25,11.38,11.52,8609455,98089347.9,-1.2153,8.2871,379.16468,2.141898
2024-09-04,sz.301136,11.21,11.35,10.96,11.13,11.38,8299600,92342168.0,-2.1968,7.9888,370.835052,2.094844
2024-09-05,sz.301136,11.14,11.49,11.09,11.37,11.13,8642700,97981664.0,2.1563,8.3191,378.831495,2.140016
2024-09-06,sz.301136,11.35,11.53,11.12,11.14,11.37,8389955,94805170.9,-2.0229,8.0758,371.168237,2.096726
2024-09-09,sz.301136,10.99,11.22,10.82,11.18,11.14,6035600,66925231.0,0.3591,5.8096,372.500977,2.104254
2024-09-10,sz.301136,11.18,11.3,10.98,11.26,11.18,6072268,67596822.4,0.7156,5.8449,375.166459,2.119312
2024-09-11,sz.301136,11.25,11.25,10.94,11.02,11.26,6006655,66393400.0,-2.1314,5.7818,367.170015,2.07414
2024-09-12,sz.301136,10.93,11.21,10.8,10.83,11.02,6470342,71220593.8,-1.7241,6.2281,360.839498,2.038379
2024-09-13,sz.301136,10.82,11.06,10.62,10.65,10.83,6441572,69668016.88,-1.662,6.2004,354.842165,2.0045
2024-09-18,sz.301136,10.66,10.77,10.31,10.55,10.65,5346100,56044545.0,-0.939,5.1459,351.510314,1.985678
2024-09-19,sz.301136,10.58,10.93,10.5,10.82,10.55,6275368,67595677.94,2.5592,6.0404,360.506313,2.036497
2024-09-20,sz.301136,11.0,11.08,10.71,10.81,10.82,8159840,88619783.8,-0.0924,7.8543,360.173128,2.034615
2024-09-23,sz.301136,10.71,10.88,10.59,10.77,10.81,5672740,61032153.8,-0.37,5.4603,358.840387,2.027086
2024-09-24,sz.301136,10.81,11.15,10.54,11.15,10.77,9567400,104246430.0,3.5283,9.2092,371.501422,2.098608
2024-09-25,sz.301136,11.13,11.64,11.1,11.32,11.15,12237900,139648663.0,1.5247,11.7797,377.165569,2.130605
2024-09-26,sz.301136,11.25,11.62,11.15,11.62,11.32,12212574,139622381.42,2.6502,11.7553,387.161123,2.187069
2024-09-27,sz.301136,11.93,12.63,11.77,12.51,11.62,20852293,253462840.55,7.6592,20.0715,416.8146,2.354582
2024-09-30,sz.301136,13.0,14.65,12.59,14.32,12.51,27775226,373262734.06,14.4684,26.7353,477.121109,2.695253
2024-10-08,sz.301136,16.97,16.97,14.3,16.36,14.32,30857045,484325563.06,14.2458,29.7017,545.090876,3.079213
2024-10-09,sz.301136,15.1,15.24,13.32,13.44,16.36,20797635,299959391.06,-17.8484,20.0189,447.800817,2.529623
2024-10-10,sz.301136,13.6,14.6,13.41,13.87,13.44,17006227,237983900.24,3.1994,16.3695,462.127778,2.610555
2024-10-11,sz.301136,13.67,13.87,12.67,12.88,13.87,13125794,172044651.52,-7.1377,12.6343,429.14245,2.424222
2024-10-14,sz.301136,12.75,13.84,12.75,13.77,12.88,17053294,229007975.73,6.9099,16.4148,458.795927,2.591734
2024-10-15,sz.301136,13.56,14.14,13.38,13.56,13.77,18546496,255137569.54,-1.5251,17.8521,451.799039,2.552208
2024-10-16,sz.301136,13.31,14.31,13.18,14.01,13.56,16564586,230622313.68,3.3186,15.9444,466.79237,2.636906
2024-10-17,sz.301136,14.2,14.35,13.59,13.63,14.01,18563192,259495341.12,-2.7123,17.8682,454.131335,2.565384
2024-10-18,sz.301136,13.51,14.25,13.27,13.9,13.63,16202567,222202031.07,1.9809,15.5959,463.127333,2.616202
2024-10-21,sz.301136,14.09,15.98,14.0,15.98,13.9,31925293,481202534.53,14.964,30.73,532.429841,3.007691
2024-10-22,sz.301136,15.5,15.6,14.62,14.9,15.98,25539890,382431339.9,-6.7584,24.5836,496.445847,2.804418
2024-10-23,sz.301136,14.95,15.14,14.5,14.62,14.9,16603966,244946797.47,-1.8792,15.9823,487.116663,2.751717
2024-10-24,sz.301136,14.47,14.7,14.13,14.32,14.62,10827300,155565665.0,-2.052,10.4219,477.121109,2.695253
2024-10-25,sz.301136,14.45,14.93,14.45,14.77,14.32,13306350,195356903.0,3.1425,12.8081,492.11444,2.77995
2024-10-28,sz.301136,14.78,15.19,14.62,14.78,14.77,15966466,238324630.02,0.0677,15.3687,492.447625,2.781832
2024-10-29,sz.301136,14.52,15.67,14.06,15.11,14.78,25493666,379191268.48,2.2327,24.5391,503.442734,2.843943
2024-10-30,sz.301136,14.55,15.88,14.12,15.62,15.11,27664850,419591143.08,3.3752,26.629,-2120.794671,2.951557
2024-10-31,sz.301136,15.25,15.8,15.11,15.23,15.62,19255100,295332049.0,-2.4968,18.5342,-2067.842691,2.877862
2024-11-01,sz.301136,14.82,15.07,13.55,13.7,15.23,16771888,237906250.2,-10.046,16.1439,-1860.108002,2.588753
2024-11-04,sz.301136,13.65,13.84,13.22,13.75,13.7,8765782,119607339.64,0.365,8.4376,-1866.896717,2.598201
2024-11-05,sz.301136,13.7,14.17,13.65,14.12,13.75,11211746,157169286.3,2.6909,10.792,-1917.133211,2.668117
2024-11-06,sz.301136,14.5,15.45,14.21,14.68,14.12,19482650,287430496.22,3.966,18.7532,-1993.166823,2.773934
2024-11-07,sz.301136,14.5,15.06,14.22,15.05,14.68,17370074,257203170.3,2.5204,16.7197,-2043.403316,2.84385
2024-11-08,sz.301136,15.08,15.41,14.8,14.86,15.05,16680733,251321942.02,-1.2625,16.0562,-2017.606198,2.807947
2024-11-11,sz.301136,14.9,15.3,14.87,15.23,14.86,11085500,167526872.0,2.4899,10.6704,-2067.842691,2.877862
2024-11-12,sz.301136,15.31,15.62,14.85,15.1,15.23,13022800,199542715.0,-0.8536,12.5352,-2050.192031,2.853298
2024-11-13,sz.301136,15.01,15.42,14.6,15.1,15.1,9978200,149892348.08,0.0,9.6046,-2050.192031,2.853298
2024-11-14,sz.301136,15.11,15.7,14.66,14.71,15.1,10053270,152271069.4,-2.5828,9.6769,-1997.240052,2.779603
2024-11-15,sz.301136,14.62,15.09,14.19,14.2,14.71,8635950,126579137.5,-3.467,8.3126,-1927.995155,2.683233
2024-11-18,sz.301136,14.35,14.45,13.47,13.8,14.2,7696500,106423489.0,-2.8169,7.4083,-1873.685433,2.607649
2024-11-19,sz.301136,13.89,14.08,13.56,14.01,13.8,6340950,87707753.0,1.5217,6.1035,-1902.198037,2.647331
2024-11-20,sz.301136,13.91,14.24,13.88,14.18,14.01,6561655,92544288.36,1.2134,6.316,-1925.279669,2.679454
2024-11-21,sz.301136,14.15,14.29,13.88,14.02,14.18,6042182,85070463.82,-1.1283,5.816,-1903.55578,2.649221
2024-11-22,sz.301136,14.03,14.03,13.25,13.26,14.02,6168682,84243032.16,-5.4208,5.9377,-1800.367307,2.505611
2024-11-25,sz.301136,13.29,13.42,12.96,13.29,13.26,4522600,59437060.0,0.2262,4.3533,-1804.440536,2.51128
2024-11-26,sz.301136,13.29,13.48,13.17,13.23,13.29,3581500,47745089.0,-0.4515,3.4474,-1796.294078,2.499942
2024-11-27,sz.301136,13.24,13.38,12.7,13.33,13.23,4932700,64100014.0,0.7559,4.748,-1809.871509,2.518838
2024-11-28,sz.301136,13.32,13.76,13.3,13.54,13.33,6319900,85730697.0,1.5754,6.0833,-1838.384113,2.55852
2024-11-29,sz.301136,13.51,13.79,13.29,13.67,13.54,6067600,82503877.0,0.9601,5.8404,-1856.034773,2.583085
2024-12-02,sz.301136,13.7,14.05,13.63,13.89,13.67,6354800,88026628.0,1.6094,6.1169,-1885.90512,2.624656
2024-12-03,sz.301136,13.89,14.36,13.7,14.34,13.89,10110700,142963287.0,3.2397,9.7321,-1947.003558,2.709688
2024-12-04,sz.301136,13.98,14.45,13.96,14.01,14.34,7387700,104100295.0,-2.3013,7.1111,-1902.198037,2.647331
2024-12-05,sz.301136,13.97,14.4,13.92,14.2,14.01,5912100,83897525.0,1.3562,5.6907,-1927.995155,2.683233
2024-12-06,sz.301136,14.32,14.56,14.23,14.23,14.2,8202400,117844469.0,0.2113,7.8953,-1932.068385,2.688902
2024-12-09,sz.301136,14.14,14.29,13.85,14.02,14.23,5486200,77077316.0,-1.4758,5.2808,-1903.55578,2.649221
2024-12-10,sz.301136,14.33,14.5,14.0,14.02,14.02,6030100,85876854.0,0.0,5.8043,-1903.55578,2.649221
2024-12-11,sz.301136,13.99,14.13,13.9,14.08,14.02,4286100,60223797.0,0.428,4.1256,-1911.702239,2.660558
2024-12-12,sz.301136,14.07,14.25,13.95,14.11,14.08,5201935,73420351.79,0.2131,5.0072,-1915.775468,2.666227
2024-12-13,sz.301136,14.12,14.25,13.75,13.81,14.11,4755418,66218890.87,-2.1262,4.5774,-1875.043176,2.609539
2024-12-16,sz.301136,13.79,14.07,13.71,13.8,13.81,4077828,56650438.48,-0.0724,3.9251,-1873.685433,2.607649
2024-12-17,sz.301136,13.8,13.85,13.0,13.02,13.8,5571741,74048314.35,-5.6522,5.3631,-1767.781473,2.460261
2024-12-18,sz.301136,13.08,13.2,12.71,13.02,13.02,3322500,43173136.0,0.0,3.1981,-1767.781473,2.460261
2024-12-19,sz.301136,12.94,13.2,12.79,13.1,13.02,3035700,39444463.0,0.6144,2.922,-1778.643418,2.475377
2024-12-20,sz.301136,13.1,13.5,13.06,13.35,13.1,3012400,40068618.0,1.9084,2.8996,-1812.586995,2.522617
2024-12-23,sz.301136,13.36,13.36,12.57,12.62,13.35,4305700,55419563.0,-5.4682,4.1445,-1713.471751,2.384677
2024-12-24,sz.301136,12.65,12.84,12.33,12.58,12.62,2920100,36697983.0,-0.317,2.8108,-1708.040779,2.377118
2024-12-25,sz.301136,12.51,12.55,11.99,12.12,12.58,3447400,42003148.0,-3.6566,3.3183,-1645.584597,2.290196
2024-12-26,sz.301136,12.12,12.35,12.09,12.2,12.12,2263700,27731372.0,0.6601,2.1789,-1656.446542,2.305313
2024-12-27,sz.301136,12.25,12.74,12.15,12.45,12.2,2924300,36502729.0,2.0492,2.8148,-1690.390119,2.352553
2024-12-30,sz.301136,12.36,12.45,12.01,12.25,12.45,2382100,29176393.0,-1.6064,2.2929,-1663.235257,2.314761
2024-12-31,sz.301136,12.25,12.37,11.79,11.84,12.25,3473241,41622598.03,-3.3469,3.3432,-1607.567792,2.237288
2025-01-02,sz.301136,11.76,11.95,11.31,11.43,11.84,3536441,41194308.71,-3.4628,3.404,-1551.900326,2.159814
2025-01-03,sz.301136,11.44,11.57,10.62,10.67,11.43,4503180,49511219.2,-6.6492,4.3346,-1448.711853,2.016204
2025-01-06,sz.301136,10.68,10.89,10.25,10.7,10.67,3126970,33222846.2,0.2812,3.0099,-1452.785082,2.021873
2025-01-07,sz.301136,10.85,11.11,10.66,11.11,10.7,3030200,33062572.0,3.8318,2.9167,-1508.452548,2.099347
2025-01-08,sz.301136,11.02,11.35,10.7,11.0,11.11,2995950,33079483.5,-0.9901,2.8838,-1493.517374,2.078561
2025-01-09,sz.301136,10.9,11.05,10.81,10.84,11.0,2546400,27835312.0,-1.4545,2.4511,-1471.793485,2.048328
2025-01-10,sz.301136,10.84,10.94,10.47,10.48,10.84,2759600,29576829.0,-3.321,2.6563,-1422.914734,1.980302
2025-01-13,sz.301136,10.4,10.69,10.0,10.64,10.48,2706828,28323530.8,1.5267,0.9836,-1444.638623,2.010536
2025-01-14,sz.301136,10.7,11.15,10.68,11.1,10.64,3430300,37656333.0,4.3233,1.2465,-1507.094805,2.097457
2025-01-15,sz.301136,11.1,11.15,10.91,10.92,11.1,2316600,25468438.0,-1.6216,0.8418,-1482.655429,2.063444
2025-01-16,sz.301136,10.97,11.14,10.91,11.02,10.92,2980600,32835866.0,0.9158,1.083,-1496.23286,2.08234
2025-01-17,sz.301136,11.02,11.12,10.81,11.11,11.02,2104600,23153872.0,0.8167,0.7647,-1508.452548,2.099347
2025-01-20,sz.301136,11.01,11.2,10.92,11.19,11.11,2640600,29403263.0,0.7201,0.9595,-1519.314492,2.114464
2025-01-21,sz.301136,11.22,11.27,10.87,11.03,11.19,2729300,29974517.0,-1.4298,0.9917,-1497.590603,2.08423
2025-01-22,sz.301136,10.93,11.03,10.87,10.98,11.03,1678800,18379500.0,-0.4533,0.61,-1490.801888,2.074782
2025-01-23,sz.301136,11.02,11.26,10.98,11.0,10.98,3107100,34632956.0,0.1821,1.129,-1493.517374,2.078561
2025-01-24,sz.301136,11.0,11.12,10.83,11.08,11.0,2924200,32111952.0,0.7273,1.0626,-1504.379318,2.093678
2025-01-27,sz.301136,11.13,11.4,11.02,11.12,11.08,3008600,33766714.0,0.361,1.0932,-1509.810291,2.101236
2025-02-05,sz.301136,11.13,11.4,11.13,11.34,11.12,2894900,32730395.0,1.9784,1.0519,-1539.680638,2.142808
2025-02-06,sz.301136,11.32,11.44,11.21,11.43,11.34,2986773,33940499.47,0.7937,1.0853,-1551.900326,2.159814
2025-02-07,sz.301136,11.42,11.76,11.41,11.63,11.43,3918300,45494078.0,1.7498,1.4238,-1579.055187,2.197606
2025-02-10,sz.301136,11.67,11.88,11.58,11.88,11.63,4151541,48842988.44,2.1496,1.5085,-1612.998764,2.244846
2025-02-11,sz.301136,11.85,11.87,11.6,11.75,11.88,3495100,40949675.0,-1.0943,1.27,-1595.348104,2.220281
2025-02-12,sz.301136,11.74,11.89,11.7,11.88,11.75,2765800,32696584.0,1.1064,1.005,-1612.998764,2.244846
2025-02-13,sz.301136,11.88,12.0,11.7,11.74,11.88,2779400,32935966.0,-1.1785,1.0099,-1593.990361,2.218392
2025-02-14,sz.301136,11.69,11.84,11.6,11.7,11.74,2645800,30959237.0,-0.3407,0.9614,-1588.559389,2.210833
2025-02-17,sz.301136,11.76,11.97,11.7,11.96,11.7,4172480,49576244.2,2.2222,1.5161,-1623.860708,2.259963
2025-02-18,sz.301136,11.99,12.19,11.6,11.64,11.96,4321200,51510471.0,-2.6756,1.5702,-1580.41293,2.199496
2025-02-19,sz.301136,11.71,11.92,11.62,11.92,11.64,3028200,35870074.0,2.4055,1.1003,-1618.429736,2.252404
2025-02-20,sz.301136,11.87,11.91,11.73,11.81,11.92,3073105,36299656.9,-0.9228,1.1167,-1603.494562,2.231619
2025-02-21,sz.301136,11.84,12.0,11.6,11.96,11.81,4173000,49295897.0,1.2701,1.5163,-1623.860708,2.259963
2025-02-24,sz.301136,11.95,12.38,11.86,12.35,11.96,6828200,83107042.0,3.2609,2.4811,-1676.812688,2.333657
2025-02-25,sz.301136,12.2,12.5,12.09,12.24,12.35,4620028,56584032.04,-0.8907,1.6788,-1661.877514,2.312872
2025-02-26,sz.301136,12.29,12.4,12.16,12.29,12.24,3976200,48753633.0,0.4085,1.4448,-1668.66623,2.32232
2025-02-27,sz.301136,12.25,12.35,11.96,12.25,12.29,3223300,39232015.0,-0.3255,1.1712,-1663.235257,2.314761
2025-02-28,sz.301136,12.2,12.26,11.79,11.81,12.25,3695000,44249636.0,-3.5918,1.3426,-1603.494562,2.231619
2025-03-03,sz.301136,11.83,12.04,11.67,11.73,11.81,3861600,45880851.0,-0.6774,1.4032,-1592.632618,2.216502
2025-03-04,sz.301136,11.68,12.05,11.62,12.04,11.73,3441200,40902058.0,2.6428,1.2504,-1634.722653,2.27508
2025-03-05,sz.301136,12.0,12.08,11.71,11.84,12.04,3016800,35663315.0,-1.6611,1.0962,-1607.567792,2.237288
2025-03-06,sz.301136,11.86,12.29,11.85,12.2,11.84,4840200,58531362.0,3.0405,1.7588,-1656.446542,2.305313
2025-03-07,sz.301136,12.14,12.14,11.85,11.95,12.2,4006000,48043480.0,-2.0492,1.4556,-1622.502965,2.258073
2025-03-10,sz.301136,11.93,12.34,11.93,12.25,11.95,5153000,62783701.0,2.5105,1.8724,-1663.235257,2.314761
2025-03-11,sz.301136,12.1,12.79,12.01,12.45,12.25,11650898,145574630.98,1.6327,4.2335,-1690.390119,2.352553
2025-03-12,sz.301136,12.55,12.6,12.28,12.32,12.45,6868100,84968404.0,-1.0442,2.4956,-1672.739459,2.327988
2025-03-13,sz.301136,12.24,12.31,12.0,12.23,12.32,5275200,64032417.0,-0.7305,1.9168,-1660.519771,2.310982
2025-03-14,sz.301136,12.33,12.65,12.24,12.42,12.23,5924428,73664073.2,1.5536,2.1527,-1686.316889,2.346885
2025-03-17,sz.301136,12.42,12.84,12.41,12.59,12.42,6421800,81181526.0,1.3688,2.3335,-1709.398522,2.379008
2025-03-18,sz.301136,12.59,12.77,12.42,12.65,12.59,6121928,77149276.28,0.4766,2.2245,-1717.54498,2.390345
2025-03-19,sz.301136,12.61,12.66,12.4,12.46,12.65,3830628,47982291.6,-1.502,1.3919,-1691.747862,2.354443
2025-03-20,sz.301136,12.42,12.94,12.4,12.67,12.46,6116500,77646040.0,1.6854,2.2225,-1720.260466,2.394125
2025-03-21,sz.301136,12.6,14.88,12.59,13.95,12.67,31998153,442028947.89,10.1026,11.627,-1894.051579,2.635993
2025-03-24,sz.301136,13.82,13.88,12.9,13.51,13.95,19644480,262062987.77,-3.1541,7.1381,-1834.310884,2.552851
2025-03-25,sz.301136,13.6,14.04,13.07,13.15,13.51,14602945,196431168.61,-2.6647,5.3062,-1785.432133,2.484825
2025-03-26,sz.301136,13.04,13.47,12.69,13.36,13.15,17156123,225327785.94,1.597,6.2339,-1813.944738,2.524507
2025-03-27,sz.301136,13.02,13.08,12.44,12.47,13.36,13256673,167155689.64,-6.6617,4.817,-1693.105605,2.356333
2025-03-28,sz.301136,12.52,12.78,11.92,11.93,12.47,10105100,123620081.0,-4.3304,3.6718,-1619.787479,2.254294
2025-03-31,sz.301136,11.81,11.83,11.44,11.58,11.93,6914200,80217614.0,-2.9338,2.5124,-1572.266472,2.188158
2025-04-01,sz.301136,11.68,12.02,11.65,11.89,11.58,5830500,69362714.0,2.677,2.1186,-1614.356507,2.246736
2025-04-02,sz.301136,11.89,12.44,11.71,12.1,11.89,7309500,88026838.0,1.7662,2.656,-1642.869111,2.286417
2025-04-03,sz.301136,11.9,12.09,11.77,11.94,12.1,6007500,71740109.0,-1.3223,2.1829,-1621.145222,2.256184
2025-04-07,sz.301136,11.2,11.4,9.55,9.55,11.94,9770300,100421363.0,-20.0168,3.5502,-1296.644629,1.804569
2025-04-08,sz.301136,9.8,10.3,9.65,10.05,9.55,8354400,84300014.0,5.2356,3.0357,-1364.531783,1.899049
2025-04-09,sz.301136,9.89,10.68,9.32,10.6,10.05,8731900,88417819.0,5.4726,3.1729,-1439.207651,2.002977
2025-04-10,sz.301136,10.73,11.29,10.71,10.89,10.6,6615300,72739529.0,2.7358,2.4038,-1478.5822,2.057776
2025-04-11,sz.301136,10.71,11.0,10.66,10.79,10.89,4304600,46833698.0,-0.9183,1.5641,-1465.004769,2.03888
2025-04-14,sz.301136,10.95,11.13,10.88,11.03,10.79,3646600,40212490.0,2.2243,1.325,-1497.590603,2.08423
2025-04-15,sz.301136,11.06,11.13,10.88,10.97,11.03,2553625,27968777.25,-0.544,0.9279,-1489.444145,2.072892
2025-04-16,sz.301136,10.9,11.01,10.49,10.65,10.97,3869200,41359974.0,-2.917,1.4059,-1445.996367,2.012425
2025-04-17,sz.301136,10.66,10.95,10.55,10.78,10.65,2830000,30614940.0,1.2207,1.0283,-1463.647026,2.03699
2025-04-18,sz.301136,10.78,10.92,10.55,10.82,10.78,3643400,39141835.0,0.3711,1.3239,-1469.077999,2.044548
2025-04-21,sz.301136,10.78,10.96,10.64,10.89,10.82,3158600,34235023.0,0.647,1.1477,-1478.5822,2.057776
2025-04-22,sz.301136,10.98,11.03,10.79,10.92,10.89,3137600,34258685.75,0.2755,1.1401,-1482.655429,2.063444
2025-04-23,sz.301136,11.03,11.16,10.86,11.03,10.92,5609700,61743059.0,1.0073,2.0384,-164.800534,2.099674
2025-04-24,sz.301136,10.94,11.17,10.7,10.94,11.03,5112200,56027786.0,-0.816,1.8576,-163.455834,2.082541
2025-04-25,sz.301136,10.95,11.06,10.78,10.8,10.94,3667000,40061623.0,-1.2797,1.3325,-161.364077,2.055891
2025-04-28,sz.301136,10.79,10.85,10.51,10.57,10.8,3308300,35146699.0,-2.1296,1.2021,-157.92762,2.012108
2025-04-29,sz.301136,10.55,10.82,10.54,10.65,10.57,2401300,25730231.0,0.7569,0.8726,-159.122909,2.027337
2025-04-30,sz.301136,10.65,10.94,10.65,10.83,10.65,2591300,28077286.0,1.6901,0.9416,-161.812311,2.061601
2025-05-06,sz.301136,10.87,11.12,10.86,11.12,10.83,3431700,37915441.0,2.6777,1.247,-166.145235,2.116806
2025-05-07,sz.301136,11.2,11.51,11.17,11.32,11.12,5228900,59168911.0,1.7986,1.9,-169.133458,2.154878
2025-05-08,sz.301136,11.25,11.53,11.21,11.51,11.32,3552200,40534187.0,1.6784,1.2907,-171.972271,2.191046
2025-05-09,sz.301136,11.46,11.54,11.37,11.39,11.51,2902600,33186514.0,-1.0426,1.0547,-170.179337,2.168203
2025-05-12,sz.301136,11.42,11.58,11.39,11.53,11.39,2553400,29337897.0,1.2291,0.9278,-172.271093,2.194854
2025-05-13,sz.301136,11.59,11.63,11.33,11.43,11.53,2929300,33538328.0,-0.8673,1.0644,-170.776982,2.175818
2025-05-14,sz.301136,11.47,11.53,11.29,11.36,11.43,3083500,35053297.0,-0.6124,1.1204,-169.731103,2.162492
2025-05-15,sz.301136,11.34,11.36,11.18,11.26,11.36,2183900,24566946.0,-0.8803,0.7936,-168.236991,2.143456
2025-05-16,sz.301136,11.46,11.69,11.24,11.24,11.26,6300900,71673096.0,-0.1776,2.2895,-167.938169,2.139649
2025-05-19,sz.301136,11.18,11.55,11.18,11.51,11.24,4838000,55219187.0,2.4021,1.758,-171.972271,2.191046
2025-05-20,sz.301136,11.47,11.75,11.37,11.67,11.51,5152400,59768223.0,1.3901,1.8722,-174.36285,2.221504
2025-05-21,sz.301136,11.61,11.77,11.51,11.7,11.67,3708800,43223620.0,0.2571,1.3477,-174.811083,2.227215
2025-05-22,sz.301136,11.68,11.71,11.36,11.36,11.7,3181100,36618196.0,-2.906,1.1559,-169.731103,2.162492
2025-05-23,sz.301136,11.36,11.49,11.2,11.22,11.36,2802100,31803709.0,-1.2324,1.0182,-167.639347,2.135842
2025-05-26,sz.301136,11.2,11.42,11.18,11.4,11.22,1992000,22605260.0,1.6043,0.7238,-170.328748,2.170107
2025-05-27,sz.301136,11.35,11.45,11.22,11.37,11.4,1960600,22182855.0,-0.2632,0.7124,-169.880514,2.164396
2025-05-28,sz.301136,11.37,11.46,11.21,11.26,11.37,2053200,23219437.0,-0.9675,0.7461,-168.236991,2.143456
2025-05-29,sz.301136,11.21,11.75,11.21,11.61,11.26,5067600,58538631.0,3.1083,1.8414,-173.466383,2.210082
2025-05-30,sz.301136,11.52,11.65,11.34,11.42,11.61,3129400,35826595.0,-1.6365,1.1371,-170.62757,2.173914
2025-06-03,sz.301136,11.38,11.57,11.32,11.48,11.42,2703200,30987333.0,0.5254,0.9823,-171.524037,2.185336
2025-06-04,sz.301136,11.48,12.71,11.41,12.25,11.48,19801222,242371353.5,6.7073,7.1951,-183.028698,2.331913
2025-06-05,sz.301136,12.3,13.43,12.12,13.04,12.25,23848700,304656803.52,6.449,8.6658,-194.832182,2.482298
2025-06-06,sz.301136,13.7,15.0,13.25,13.46,13.04,30401485,421397748.27,3.2209,11.0469,-201.107452,2.562249
2025-06-09,sz.301136,12.99,13.19,12.5,12.9,13.46,19646164,253337154.74,-4.1605,7.1387,-192.740425,2.455647
2025-06-10,sz.301136,13.02,13.34,12.42,12.62,12.9,17621400,225756045.0,-2.1705,6.403,-188.556912,2.402346
2025-06-11,sz.301136,12.75,12.8,12.41,12.47,12.62,10804522,135005733.46,-1.1886,3.926,-186.315744,2.373792
2025-06-12,sz.301136,12.46,12.46,12.2,12.34,12.47,8627500,106233412.0,-1.0425,3.1349,-184.373399,2.349045
2025-06-13,sz.301136,12.29,12.44,11.92,12.01,12.34,9247900,112047636.0,-2.6742,3.3604,-179.44283,2.286227
2025-06-16,sz.301136,11.98,12.15,11.95,12.06,12.01,5362000,64663092.0,0.4163,1.9484,-180.189886,2.295745
2025-06-17,sz.301136,12.05,12.07,11.85,12.02,12.06,5032900,60156720.0,-0.3317,1.8288,-179.592241,2.28813
2025-06-18,sz.301136,12.0,12.02,11.78,11.91,12.02,4016706,47712659.74,-0.9151,1.4595,-177.948718,2.267191
2025-06-19,sz.301136,11.85,11.93,11.52,11.58,11.91,4592900,53591933.68,-2.7708,1.6689,-173.018149,2.204372
2025-06-20,sz.301136,11.62,11.8,11.42,11.63,11.58,4699100,54595010.0,0.4318,1.7075,-173.765205,2.21389
2025-06-23,sz.301136,11.52,11.76,11.45,11.74,11.63,3397347,39629937.26,0.9458,1.2345,-175.408728,2.234829
2025-06-24,sz.301136,11.77,12.31,11.77,12.11,11.74,8706347,105182720.23,3.1516,3.1636,-180.936942,2.305263
2025-06-25,sz.301136,12.14,12.19,11.99,12.08,12.11,6905100,83316212.0,-0.2477,2.5091,-180.488708,2.299552
2025-06-26,sz.301136,12.08,12.28,12.04,12.11,12.08,5984700,72757677.0,0.2483,2.1746,-180.936942,2.305263
2025-06-27,sz.301136,12.23,12.43,12.15,12.22,12.11,5349900,65716197.0,0.9083,1.944,-182.580465,2.326202
2025-06-30,sz.301136,12.23,12.44,12.14,12.44,12.22,5048247,62262226.98,1.8003,1.8344,-185.867511,2.368081
2025-07-01,sz.301136,12.42,12.5,12.22,12.34,12.44,4361700,53852881.0,-0.8039,1.5849,-184.373399,2.349045
2025-07-02,sz.301136,12.65,13.68,12.36,13.3,12.34,26109722,339625488.0,7.7796,9.4874,-198.716873,2.531791
2025-07-03,sz.301136,13.2,13.68,12.69,12.92,13.3,21066748,275477192.16,-2.8571,7.6549,-193.039248,2.459454
2025-07-04,sz.301136,12.75,12.84,12.4,12.43,12.92,12794700,160737417.0,-3.7926,4.6492,-185.7181,2.366178
2025-07-07,sz.301136,12.4,12.76,12.24,12.68,12.43,7271700,91395185.0,2.0113,2.6423,-189.453379,2.413768
2025-07-08,sz.301136,12.69,12.85,12.58,12.75,12.68,6613100,84104927.0,0.5521,2.403,-190.499258,2.427093
2025-07-09,sz.301136,12.76,13.13,12.67,12.92,12.75,10459629,135529297.55,1.3333,3.8007,-193.039248,2.459454
2025-07-10,sz.301136,12.85,13.5,12.58,13.37,12.92,19730094,259049344.14,3.483,7.1692,-199.762751,2.545116
2025-07-11,sz.301136,13.42,13.48,12.98,13.08,13.37,13283100,174693263.0,-2.169,4.8266,-195.429827,2.489912
2025-07-14,sz.301136,13.04,13.46,12.88,13.23,13.08,8920300,117465517.0,1.1468,3.2413,-197.670994,2.518466
2025-07-15,sz.301136,13.15,13.2,12.73,12.83,13.23,7832400,100878190.0,-3.0234,2.846,-191.694547,2.442322
2025-07-16,sz.301136,12.79,12.92,12.6,12.69,12.83,4856400,61859455.0,-1.0912,1.7646,-189.60279,2.415672
2025-07-17,sz.301136,12.66,12.82,12.61,12.78,12.69,3429700,43666178.0,0.7092,1.2462,-190.947491,2.432804
2025-07-18,sz.301136,12.77,12.85,12.72,12.82,12.78,3155600,40349643.0,0.313,1.1466,-191.545136,2.440418
2025-07-21,sz.301136,13.06,13.46,12.98,13.44,12.82,12581129,167146448.73,4.8362,4.5716,-200.808629,2.558442
2025-07-22,sz.301136,13.42,13.67,13.28,13.62,13.44,12474229,167992549.05,1.3393,4.5327,-203.49803,2.592707
2025-07-23,sz.301136,13.59,13.95,13.3,13.63,13.62,15363794,209259452.45,0.0734,5.5827,-203.647442,2.59461
2025-07-24,sz.301136,13.49,13.61,13.27,13.43,13.63,8505100,114094950.0,-1.4674,3.0905,-200.659218,2.556538
2025-07-25,sz.301136,13.43,13.45,13.2,13.24,13.43,5645200,74879544.0,-1.4147,2.0513,-197.820406,2.52037
2025-07-28,sz.301136,13.28,13.29,13.17,13.25,13.24,4016600,53128628.0,0.0755,1.4595,-197.969817,2.522273
2025-07-29,sz.301136,12.85,13.0,12.55,12.79,13.25,11259050,142892192.0,-3.4717,4.0912,-191.096902,2.434708
2025-07-30,sz.301136,12.71,12.9,12.65,12.75,12.79,5726900,72999266.0,-0.3127,2.081,-190.499258,2.427093
2025-07-31,sz.301136,12.44,12.73,12.41,12.47,12.75,8107900,101594282.0,-2.1961,2.9461,-186.315744,2.373792
2025-08-01,sz.301136,12.45,12.7,12.43,12.65,12.47,6241400,78531473.0,1.4435,2.2679,-189.005146,2.408057
2025-08-04,sz.301136,12.53,12.79,12.49,12.76,12.65,4292125,54390856.5,0.8696,1.5596,-190.648669,2.428997
2025-08-05,sz.301136,12.77,12.98,12.71,12.82,12.76,4947600,63395873.0,0.4702,1.7978,-191.545136,2.440418
2025-08-06,sz.301136,12.72,12.91,12.71,12.86,12.82,3829100,49088940.0,0.312,1.3914,-192.142781,2.448033
2025-08-07,sz.301136,12.82,12.9,12.74,12.82,12.86,4028100,51633267.0,-0.311,1.4637,-191.545136,2.440418
2025-08-08,sz.301136,12.8,13.05,12.7,12.92,12.82,8780300,113191323.0,0.78,3.1905,-193.039248,2.459454
2025-08-11,sz.301136,12.9,13.14,12.85,13.09,12.92,7565000,98660480.0,1.3158,2.7489,-195.579238,2.491816
2025-08-12,sz.301136,13.06,13.19,12.95,13.08,13.09,6707400,87552308.0,-0.0764,2.4372,-195.429827,2.489912
2025-08-13,sz.301136,13.09,13.11,12.9,12.93,13.08,4938400,64002065.0,-1.1468,1.7944,-193.188659,2.461358
2025-08-14,sz.301136,12.96,12.96,12.45,12.5,12.93,7763700,98253358.0,-3.3256,2.8211,-186.763978,2.379503
2025-08-15,sz.301136,12.44,12.67,12.44,12.67,12.5,4245772,53566147.36,1.36,1.5428,-189.303968,2.411864
2025-08-18,sz.301136,12.67,12.84,12.65,12.71,12.67,5277000,67120420.0,0.3157,1.9175,-189.901613,2.419479
2025-08-19,sz.301136,12.67,12.8,12.62,12.74,12.71,4899800,62335572.0,0.236,1.7804,-190.349846,2.42519
2025-08-20,sz.301136,12.69,12.73,12.52,12.68,12.74,5077572,64055312.48,-0.471,1.845,-189.453379,2.413768
2025-08-21,sz.301136,12.67,12.97,12.66,12.71,12.68,7669300,97894754.0,0.2366,2.7868,-189.901613,2.419479
2025-08-22,sz.301136,12.7,12.75,12.5,12.6,12.71,6435225,80942526.75,-0.8655,2.3383,-188.25809,2.398539
2025-08-25,sz.301136,12.6,12.87,12.55,12.86,12.6,8164684,104028570.0,2.0635,2.9668,-192.142781,2.448033
2025-08-26,sz.301136,12.81,12.98,12.72,12.85,12.86,6528572,84015399.32,-0.0778,2.3723,-191.993369,2.446129
2025-08-27,sz.301136,12.77,12.9,12.2,12.21,12.85,9125200,114566847.0,-4.9805,3.3158,-182.431054,2.324299
2025-08-28,sz.301136,12.21,12.42,11.74,12.12,12.21,7615700,92294235.88,-0.7371,2.7673,-181.086353,2.307166
2025-08-29,sz.301136,12.16,12.23,11.91,11.94,12.12,4467025,53713807.22,-1.4851,1.6232,-147.222876,2.284006
2025-09-01,sz.301136,11.95,12.11,11.9,11.95,11.94,3868700,46361942.0,0.0838,1.4058,-147.346178,2.285919
2025-09-02,sz.301136,11.95,12.01,11.59,11.76,11.95,4662200,54848555.0,-1.59,1.6941,-145.003436,2.249573
2025-09-03,sz.301136,11.77,11.85,11.37,11.42,11.76,3123700,36154196.0,-2.8912,1.135,-140.81116,2.184535
2025-09-04,sz.301136,11.64,11.7,11.4,11.54,11.42,3798000,43959211.0,1.0508,1.3801,-142.290786,2.20749
2025-09-05,sz.301136,11.56,11.67,11.42,11.65,11.54,2790600,32300118.0,0.9532,1.014,-143.647111,2.228531
2025-09-08,sz.301136,11.64,11.8,11.61,11.8,11.65,3118300,36562002.0,1.2876,1.1331,-145.496645,2.257225
2025-09-09,sz.301136,11.78,11.79,11.57,11.6,11.8,2950900,34434531.0,-1.6949,1.0723,-143.0306,2.218967
2025-09-10,sz.301136,11.6,11.72,11.55,11.66,11.6,2066943,24056957.8,0.5172,0.7511,-143.770413,2.230444
2025-09-11,sz.301136,11.7,11.92,11.52,11.87,11.66,3705797,43622160.41,1.801,1.3466,-146.35976,2.270615
2025-09-12,sz.301136,11.88,11.93,11.76,11.77,11.87,2167700,25652686.0,-0.8425,0.7877,-145.126738,2.251486
2025-09-15,sz.301136,11.82,11.82,11.55,11.67,11.77,2698200,31479567.0,-0.8496,0.9804,-143.893716,2.232357
2025-09-16,sz.301136,11.65,11.85,11.61,11.85,11.67,2616500,30706343.0,1.5424,0.9507,-146.113156,2.26679
2025-09-17,sz.301136,11.85,11.86,11.73,11.76,11.85,1897860,22363847.46,-0.7595,0.6896,-145.003436,2.249573
2025-09-18,sz.301136,11.76,11.82,11.39,11.45,11.76,3418036,39731089.2,-2.6361,1.242,-141.181066,2.190273
2025-09-19,sz.301136,11.45,11.55,11.33,11.47,11.45,2125500,24301329.0,0.1747,0.7723,-141.427671,2.194099
2025-09-22,sz.301136,11.47,11.47,11.17,11.23,11.47,2631694,29643545.86,-2.0924,0.9563,-138.468417,2.14819
2025-09-23,sz.301136,11.23,11.27,10.76,11.12,11.23,3874118,42533267.36,-0.9795,1.4077,-137.112092,2.127148
2025-09-24,sz.301136,11.11,11.26,11.03,11.25,11.12,2600429,29120911.22,1.1691,0.9449,-138.715021,2.152015
2025-09-25,sz.301136,11.22,11.34,11.11,11.11,11.25,2434400,27316435.0,-1.2444,0.8846,-136.98879,2.125235
2025-09-26,sz.301136,11.14,11.43,11.01,11.26,11.11,3600600,40638550.0,1.3501,1.3083,-138.838324,2.153928
2025-09-29,sz.301136,11.21,11.34,10.96,11.28,11.26,3029500,33912271.0,0.1776,1.1008,-139.084928,2.157754
2025-09-30,sz.301136,11.33,11.34,11.19,11.19,11.28,2661700,29954463.0,-0.7979,0.9672,-137.975208,2.140538
2025-10-09,sz.301136,11.24,11.25,11.07,11.08,11.19,2493700,27790826.0,-0.983,0.9061,-136.618883,2.119496
2025-10-10,sz.301136,11.11,11.34,11.07,11.21,11.08,3204600,36048188.0,1.1733,1.1644,-138.221812,2.144364
2025-10-13,sz.301136,10.93,11.26,10.62,11.22,11.21,3640219,40171144.99,0.0892,1.3227,-138.345115,2.146277
2025-10-14,sz.301136,11.21,11.4,11.17,11.18,11.22,2821000,31852868.0,-0.3565,1.0251,-137.851906,2.138625
2025-10-15,sz.301136,11.24,11.4,11.17,11.35,11.18,2359000,26723157.0,1.5206,0.8572,-139.948044,2.171144
2025-10-16,sz.301136,11.35,11.38,11.11,11.16,11.35,2328500,26098010.0,-1.674,0.8461,-137.605301,2.134799
2025-10-17,sz.301136,11.19,11.49,11.12,11.29,11.16,5518300,62654367.0,1.1649,2.0052,-139.20823,2.159667
2025-10-20,sz.301136,11.4,11.8,11.32,11.57,11.29,5804520,66992978.14,2.4801,2.1092,-142.660693,2.213228
2025-10-21,sz.301136,11.62,11.66,11.44,11.65,11.57,4239420,49112842.6,0.6914,1.5405,-143.647111,2.228531
2025-10-22,sz.301136,11.6,11.8,11.58,11.58,11.65,4010144,46818927.28,-0.6009,1.4571,-142.783995,2.215141
2025-10-23,sz.301136,11.64,12.03,11.59,11.71,11.58,6909800,81307241.45,1.1226,2.5108,-144.386925,2.240009
2025-10-24,sz.301136,11.83,12.32,11.76,11.92,11.71,11608503,139564546.09,1.7933,4.2181,-146.976272,2.28018
2025-10-27,sz.301136,12.09,12.86,11.84,12.4,11.92,18709885,230648771.46,4.0268,6.7985,-152.894779,2.371999
2025-10-28,sz.301136,12.37,13.56,12.3,13.14,12.4,35765584,467591911.5,5.9677,12.996,-162.019145,2.513554
2025-10-29,sz.301136,13.0,13.49,12.23,12.81,13.14,34684467,440778234.67,-2.5114,12.6031,1182.063555,2.417586
2025-10-30,sz.301136,12.57,12.93,12.31,12.4,12.81,18721882,233687268.82,-3.2006,6.8029,1144.230139,2.340209
2025-10-31,sz.301136,12.41,13.01,12.2,12.61,12.4,17175079,217118418.54,1.6935,6.2408,1163.60823,2.379841
2025-11-03,sz.301136,12.65,13.45,12.65,12.78,12.61,17846491,230109986.47,1.3481,6.4848,1179.295256,2.411925
2025-11-04,sz.301136,12.61,15.34,12.56,15.34,12.78,48350815,695069327.69,20.0313,17.569,1415.523413,2.895064
2025-11-05,sz.301136,14.83,15.93,14.56,15.59,15.34,63738824,963751846.26,1.6297,23.1605,1438.592569,2.942246
2025-11-06,sz.301136,14.86,14.98,13.96,14.09,15.59,42523542,607418914.34,-9.6216,15.4516,1300.177633,2.659156
2025-11-07,sz.301136,14.4,14.5,13.7,14.24,14.09,29207785,413655062.48,1.0646,10.6131,1314.019127,2.687465
2025-11-10,sz.301136,13.99,14.75,13.78,14.66,14.24,32185031,461447381.32,2.9494,11.6949,1352.775309,2.76673
2025-11-11,sz.301136,14.17,14.56,13.93,14.24,14.66,22081649,314113282.53,-2.8649,8.0237,1314.019127,2.687465
2025-11-12,sz.301136,14.09,14.46,13.55,13.7,14.24,21254568,295125386.84,-3.7921,7.7232,1264.18975,2.585553
2025-11-13,sz.301136,13.79,14.46,13.54,14.22,13.7,23772578,336189230.35,3.7956,8.6381,1312.173594,2.683691
2025-11-14,sz.301136,14.26,15.29,14.13,14.68,14.22,35630890,522817161.73,3.2349,12.947,1354.620842,2.770505
2025-11-17,sz.301136,15.22,15.58,14.67,15.05,14.68,35207599,529864189.67,2.5204,12.7932,1388.763192,2.840334
2025-11-18,sz.301136,14.99,14.99,13.8,14.17,15.05,28896417,410123244.28,-5.8472,10.5,1307.559763,2.674254
2025-11-19,sz.301136,14.21,14.45,13.82,13.93,14.17,15882776,222839719.38,-1.6937,5.7713,1285.413373,2.62896
2025-11-20,sz.301136,14.01,14.71,13.67,14.27,13.93,20627707,292753892.44,2.4408,7.4954,1316.787426,2.693127
2025-11-21,sz.301136,14.0,14.97,13.6,13.6,14.27,23486454,332806959.16,-4.6952,8.5342,1254.962088,2.56668
2025-11-24,sz.301136,13.88,16.32,13.87,16.32,13.6,19768418,315061249.22,20.0,7.1832,1505.954505,3.080016
2025-11-25,sz.301136,17.95,17.95,16.3,17.07,16.32,65850795,1117272439.2,4.5956,23.9279,1575.161973,3.221561
2025-11-26,sz.301136,17.87,18.55,16.5,17.41,17.07,57432233,1002829224.08,1.9918,20.8689,1606.536025,3.285728
2025-11-27,sz.301136,15.92,16.33,15.04,15.39,17.41,42439349,662044098.98,-11.6025,15.421,1420.137245,2.904501
2025-11-28,sz.301136,15.62,17.42,15.41,16.96,15.39,51994206,859035215.21,10.2014,18.8929,1565.011544,3.200801
2025-12-01,sz.301136,17.4,17.95,16.52,16.6,16.96,45940003,786727492.31,-2.1226,16.693,1531.79196,3.13286
2025-12-02,sz.301136,16.11,19.92,15.83,19.92,16.6,46241058,827155471.32,20.0,16.8024,1838.150352,3.759432
2025-12-03,sz.301136,20.8,23.9,19.54,22.02,19.92,85175739,1818672634.32,10.5422,30.9499,2031.931262,4.155757
2025-12-04,sz.301136,21.34,25.98,21.07,25.02,22.02,75580232,1809711080.44,13.624,27.4633,2308.761135,4.721937
2025-12-05,sz.301136,23.93,27.67,22.51,26.87,25.02,73986742,1830342236.51,7.3941,26.8842,2479.472889,5.071081
2025-12-08,sz.301136,27.35,29.0,26.16,26.17,26.87,74534881,2043550185.25,-2.6051,27.0834,2414.879252,4.938972
2025-12-09,sz.301136,25.33,28.27,24.36,26.96,26.17,66970407,1740278962.85,3.0187,24.3348,2487.777785,5.088066
2025-12-10,sz.301136,25.12,26.06,24.42,24.55,26.96,49075313,1233222677.51,-8.9392,17.8323,2265.391121,4.633235
2025-12-11,sz.301136,24.76,25.56,23.62,23.7,24.55,44480602,1094541981.63,-3.4623,16.1627,2186.955991,4.472818
2025-12-12,sz.301136,23.31,25.0,22.81,23.31,23.7,42368846,1016212409.67,-1.6456,15.3954,2150.968107,4.399215
2025-12-15,sz.301136,23.01,24.43,22.15,23.97,23.31,38204442,896904626.53,2.8314,13.8822,2211.870679,4.523774
2025-12-16,sz.301136,23.01,23.31,21.6,22.2,23.97,38446314,857546940.99,-7.3842,13.9701,2048.541055,4.189728
2025-12-17,sz.301136,22.0,22.3,20.5,21.26,22.2,33865957,713414404.97,-4.2342,12.3057,1961.801028,4.012325
2025-12-18,sz.301136,20.65,21.74,20.19,20.84,21.26,31431025,658293717.73,-1.9755,11.421,1923.044846,3.93306
2025-12-19,sz.301136,20.87,21.12,20.11,20.27,20.84,26481879,541976598.81,-2.7351,9.6226,1870.44717,3.825486
2025-12-22,sz.301136,20.09,20.37,19.8,20.08,20.27,19242692,384736196.19,-0.9373,6.9921,1852.914612,3.789628
2025-12-23,sz.301136,20.02,20.11,19.43,19.6,20.08,19149442,376694515.39,-2.3904,6.9583,1808.621832,3.699039
2025-12-24,sz.301136,19.51,20.95,19.33,20.67,19.6,32235298,654468507.43,5.4592,11.7132,1907.35782,3.900977
2025-12-25,sz.301136,20.55,21.16,20.32,20.56,20.67,31027147,643275547.55,-0.5322,11.2742,1897.207391,3.880217
2025-12-26,sz.301136,20.57,21.95,20.35,21.06,20.56,40944354,872568727.3,2.4319,14.8778,1943.345703,3.97458
2025-12-29,sz.301136,20.39,21.96,19.88,21.11,21.06,34900668,721508146.67,0.2374,12.6817,1947.959534,3.984016
2025-12-30,sz.301136,20.8,21.63,19.55,19.62,21.11,33389689,680439669.56,-7.0583,12.1327,1810.467365,3.702814
2025-12-31,sz.301136,19.7,20.6,19.56,20.26,19.62,22782557,458575576.96,3.262,8.2784,1869.524404,3.823599
2026-01-05,sz.301136,20.03,21.02,19.75,20.35,20.26,23369820,476297509.75,0.4442,8.4918,1877.8293,3.840584
2026-01-06,sz.301136,20.28,20.35,19.6,19.91,20.35,22348887,446257155.27,-2.1622,8.1208,1837.227586,3.757545
2026-01-07,sz.301136,19.86,20.0,19.41,19.63,19.91,16872167,331315030.62,-1.4063,6.1308,1811.390131,3.704701
2026-01-08,sz.301136,19.49,20.58,19.4,20.5,19.63,26010893,523173134.22,4.432,9.4515,1891.670794,3.868893
2026-01-09,sz.301136,20.51,23.88,20.36,23.13,20.5,53459908,1169683774.45,12.8293,19.4255,2134.358315,4.365244
2026-01-12,sz.301136,23.2,24.89,22.66,24.34,23.13,53704656,1280817820.37,5.2313,19.5144,2246.01303,4.593603
2026-01-13,sz.301136,23.5,23.5,21.1,21.32,24.34,35147470,767146155.85,-12.4076,12.7714,1967.337625,4.023649
2026-01-14,sz.301136,21.01,22.22,20.83,21.42,21.32,28254291,609536309.06,0.469,10.2666,1976.565288,4.042522
2026-01-15,sz.301136,21.0,21.01,19.66,19.93,21.42,20451971,410009209.97,-6.9561,7.4315,1839.073118,3.761319
2026-01-16,sz.301136,20.13,20.22,19.37,19.73,19.93,14673874,290855065.52,-1.0035,5.332,1820.617793,3.723574
2026-01-19,sz.301136,19.74,20.12,19.48,19.96,19.73,9695979,193199268.05,1.1657,3.5232,1841.841417,3.766981
2026-01-20,sz.301136,19.84,20.16,17.72,17.97,19.96,23253330,431674995.88,-9.9699,8.4495,1658.210935,3.391415
2026-01-21,sz.301136,17.88,18.27,17.6,17.68,17.97,13604132,243556190.2,-1.6138,4.9433,1631.450714,3.336684
2026-01-22,sz.301136,17.69,18.27,17.65,18.24,17.68,10843622,195673761.87,3.1674,3.9402,1683.125623,3.442371
2026-01-23,sz.301136,18.25,19.42,18.19,19.24,18.24,16316965,309442959.71,5.4825,5.929,1775.402247,3.631098
2026-01-26,sz.301136,19.01,19.05,17.87,18.04,19.24,13512503,247547210.2,-6.237,4.91,1664.670298,3.404626
2026-01-27,sz.301136,17.9,18.46,17.7,18.19,18.04,10683370,193558343.9,0.8315,3.882,1678.511792,3.432935
2026-01-28,sz.301136,18.11,18.19,17.51,17.66,18.19,11139833,197826222.12,-2.9137,4.0478,1629.605181,3.33291
2026-01-29,sz.301136,17.5,17.9,17.17,17.44,17.66,8059162,141770046.76,-1.2458,2.9284,1609.304324,3.29139
2026-01-30,sz.301136,17.35,17.6,17.21,17.44,17.44,8118111,141198936.63,0.0,2.9498,1609.304324,3.29139
2026-02-02,sz.301136,17.04,17.65,17.01,17.1,17.44,7575120,131596139.0,-1.9495,2.7525,1577.930272,3.227223
2026-02-03,sz.301136,17.3,17.8,17.21,17.72,17.1,8120500,142747304.19,3.6257,2.9507,1635.141779,3.344234
2026-02-04,sz.301136,17.61,18.05,17.56,17.71,17.72,7644309,135772443.19,-0.0564,2.7777,1634.219013,3.342346
2026-02-05,sz.301136,17.76,20.44,17.63,19.97,17.71,38496712,744622041.02,12.7612,13.9884,1842.764183,3.768868
2026-02-06,sz.301136,19.07,19.11,17.82,18.2,19.97,29487894,536053919.38,-8.8633,10.7149,1679.434558,3.434822
2026-02-09,sz.301136,17.99,18.25,17.83,17.95,18.2,17002028,305576440.52,-1.3736,6.178,1656.365402,3.387641
2026-02-10,sz.301136,17.86,17.86,17.33,17.36,17.95,13837045,241601018.92,-3.2869,5.0279,1601.922194,3.276292
2026-02-11,sz.301136,19.01,20.6,18.51,18.84,17.36,39484554,765670072.17,8.5253,14.3473,1738.491598,3.555607
2026-02-12,sz.301136,18.41,19.16,18.03,18.12,18.84,28110687,518283626.49,-3.8217,10.2145,1672.052428,3.419724
2026-02-13,sz.301136,18.12,18.96,17.71,17.71,18.12,19271487,355180623.24,-2.2627,7.0026,1634.219013,3.342346
2026-02-24,sz.301136,17.8,17.99,17.71,17.93,17.71,11284632,201584436.09,1.2422,4.1004,1654.51987,3.383866
2026-02-25,sz.301136,17.91,18.22,17.62,18.08,17.93,11902698,214154097.1,0.8366,4.325,1668.361363,3.412175
2026-02-26,sz.301136,17.42,17.61,17.08,17.57,18.08,17254430,298221890.64,-2.8208,6.2697,1621.300285,3.315925
2026-02-27,sz.301136,17.37,17.94,17.27,17.91,17.57,12314932,217320115.88,1.9351,4.4748,1652.674337,3.380092
2026-03-02,sz.301136,17.57,17.85,17.29,17.36,17.91,10432857,182668517.62,-3.0709,3.7909,1601.922194,3.276292
2026-03-03,sz.301136,17.37,17.44,16.3,16.35,17.36,12542837,210918935.09,-5.818,4.5576,1508.722804,3.085678
2026-03-04,sz.301136,16.2,16.79,16.09,16.65,16.35,8217288,135749634.19,1.8349,2.9859,1536.405791,3.142296
2026-03-05,sz.301136,16.82,16.99,16.46,16.54,16.65,6865508,114396430.54,-0.6607,2.4947,1526.255362,3.121536
2026-03-06,sz.301136,16.49,16.98,16.4,16.89,16.54,6860543,115546100.92,2.1161,2.4929,1558.552181,3.187591
2026-03-09,sz.301136,16.63,16.9,16.42,16.88,16.89,5534900,92308951.94,-0.0592,2.0112,1557.629415,3.185703
2026-03-10,sz.301136,16.94,17.33,16.94,17.24,16.88,5624550,96751275.0,2.1327,2.0438,1590.848999,3.253645
2026-03-11,sz.301136,17.3,17.4,16.92,16.93,17.24,6396011,109177064.02,-1.7981,2.3241,1562.243246,3.19514
2026-03-12,sz.301136,17.1,17.1,16.42,16.49,16.93,5151638,85626383.15,-2.5989,1.8719,1521.641531,3.1121
2026-03-13,sz.301136,16.47,16.52,16.2,16.27,16.49,5408251,88500381.84,-1.3341,1.9652,1501.340674,3.07058
2026-03-16,sz.301136,16.3,16.59,16.2,16.48,16.27,3997611,65572850.84,1.2907,1.4526,1520.718765,3.110213
